Id,Label,modularity_class,indegree,outdegree,Degree,pageranks,eigencentrality,stat_inf_class,componentnumber,strongcompnum,weighted indegree,weighted outdegree,Weighted Degree,clustering,Eccentricity,closnesscentrality,harmonicclosnesscentrality,betweenesscentrality
40enron,,2,0,3,3,0.000167,0,0,0,1152,0,3,3,0.5,4,0.332852,0.348072,0
louise.kitchen,,1,171,158,329,0.016849,1,1,0,1151,171,158,329,0.018361,4,0.459256,0.496946,330320.090242
richard.shapiro,,6,174,187,361,0.015946,0.817908,0,0,1151,174,187,361,0.01262,4,0.398386,0.446922,235540.946326
rick.buy,,2,86,41,127,0.007021,0.457953,0,0,1151,86,41,127,0.039755,4,0.367405,0.393925,63376.774098
a..howard,,0,2,3,5,0.000356,0.019747,0,0,1151,2,3,5,1,5,0.279026,0.296577,0
rod.hayslett,,0,60,55,115,0.008912,0.115655,0,0,1151,60,55,115,0.011064,5,0.306941,0.334346,100684.242368
shelley.corman,,0,78,171,249,0.010425,0.222803,0,0,1151,78,171,249,0.005973,4,0.371418,0.418796,261820.498444
stanley.horton,,0,53,30,83,0.005809,0.197214,0,0,1151,53,30,83,0.040297,4,0.34389,0.368732,65866.770103
a..martin,,1,3,1,4,0.000363,0.113627,0,0,1151,3,1,4,1,5,0.295863,0.310857,0
john.lavorato,,1,156,178,334,0.016275,0.931938,1,0,1151,156,178,334,0.014071,4,0.420093,0.469785,270573.144671
a..roberts,,4,1,3,4,0.000257,0.044487,0,0,1151,1,3,4,0.75,4,0.316351,0.332731,0
scott.neal,,1,91,70,161,0.011841,0.329945,0,0,1151,91,70,161,0.010684,4,0.325487,0.350329,113714.137907
tim.belden,,4,114,112,226,0.011185,0.680702,0,0,1151,114,112,226,0.017861,4,0.388244,0.423176,164019.185523
a..shankman,,1,3,5,8,0.000383,0.078729,0,0,1151,3,5,8,0.733333,4,0.330993,0.349365,0
greg.whalley,,1,139,13,152,0.011219,0.797725,0,0,1151,139,13,152,0.043566,4,0.330413,0.345227,41142.769585
mike.mcconnell,,2,73,145,218,0.006438,0.379421,0,0,1151,73,145,218,0.017321,3,0.421888,0.461588,148025.8914
adam.johnson,,1,0,3,3,0.000167,0,0,0,1153,0,3,3,0.5,5,0.318056,0.331373,0
adam.umanoff,,0,1,1,2,0.000331,0.010259,0,0,1151,1,1,2,0,5,0.255923,0.265212,0
adarsh.vakharia,,2,0,3,3,0.000167,0,0,0,1154,0,3,3,0.666667,4,0.310768,0.340643,0
jeff.skilling,,2,55,9,64,0.003381,0.280937,0,0,1151,55,9,64,0.051971,5,0.297561,0.30843,13008.474288
sally.beck,,3,157,587,744,0.019106,0.572097,0,0,1151,157,587,744,0.001536,4,0.436632,0.550546,697315.79849
adnan.patel,,5,1,1,2,0.000246,0.035042,0,0,1151,1,1,2,0,5,0.269806,0.287825,0
tana.jones,,5,184,261,445,0.024359,0.749924,0,0,1151,184,261,445,0.005518,4,0.369434,0.43081,309489.66737
adriane.schultea,,5,0,1,1,0.000167,0,0,0,1155,0,1,1,0,5,0.269866,0.287928,0
adrianne.engler,,1,0,3,3,0.000167,0,0,0,1156,0,3,3,0.833333,4,0.324726,0.340161,0
airam.arteaga,,1,1,1,2,0.000311,0.016318,0,0,1151,1,1,2,0,5,0.245589,0.254147,0
alan.aronowitz,,4,6,7,13,0.000783,0.162241,0,0,1151,6,7,13,0.410714,4,0.344232,0.364392,5268.689079
elizabeth.sager,,4,107,62,169,0.010287,0.595156,1,0,1151,107,62,169,0.033524,4,0.386868,0.413613,90453.198076
mark.haedicke,,4,110,48,158,0.010621,0.697235,1,0,1151,110,48,158,0.040152,4,0.382869,0.406863,87437.028729
mark.taylor,,5,158,124,282,0.019354,0.777375,0,0,1151,158,124,282,0.01704,4,0.364115,0.402202,162139.807594
sara.shackleton,,5,155,174,329,0.023735,0.609964,0,0,1151,155,174,329,0.008474,4,0.363095,0.409113,206975.642959
alan.comnes,,1,4,7,11,0.000477,0.140586,0,0,1151,4,7,11,0.833333,4,0.364179,0.38605,0
jeff.dasovich,,6,161,240,401,0.016402,0.668939,0,0,1151,161,240,401,0.007913,3,0.407706,0.463115,308035.305773
steven.kean,,6,212,185,397,0.020582,0.890735,1,0,1151,212,185,397,0.013853,3,0.427365,0.473079,380846.986537
alan.larsen,,8,1,1,2,0.000238,0.015202,0,0,1151,1,1,2,0,5,0.264507,0.276406,0
kay.mann,,8,97,154,251,0.012997,0.293314,0,0,1151,97,154,251,0.006308,4,0.35957,0.398907,202189.873551
albert.escamilla,,5,0,1,1,0.000167,0,0,0,1157,0,1,1,0,5,0.269866,0.287928,0
alberto.levy,,6,1,1,2,0.000239,0.037334,0,0,1151,1,1,2,0,5,0.284929,0.299333,0
aleck.dadson,,6,3,3,6,0.000392,0.110342,0,0,1151,3,3,6,0.833333,4,0.336579,0.356718,0
alejandra.chavez,,1,1,1,2,0.000194,0.027855,0,0,1151,1,1,2,0.5,5,0.245647,0.254267,0
alex.huang,,7,1,1,2,0.000268,0.020029,0,0,1151,1,1,2,0,5,0.290884,0.305135,0
vince.kaminski,,7,120,168,288,0.019979,0.39233,0,0,1151,120,168,288,0.009243,4,0.410125,0.457289,295052.670984
alhamd.alkhayat,,2,2,3,5,0.000299,0.059374,0,0,1151,2,3,5,0.5,4,0.300101,0.314208,0
alice.wright,,4,2,2,4,0.00038,0.041818,0,0,1151,2,2,4,1,4,0.287656,0.301953,0
alicia.goodrow,,5,1,1,2,0.000246,0.035042,0,0,1151,1,1,2,0,5,0.269806,0.287825,0
allan.sommer,,2,1,1,2,0.000204,0.017614,0,0,1151,1,1,2,1,5,0.304016,0.334884,0
allison.navin,,4,1,5,6,0.000225,0.031248,0,0,1151,1,5,6,0.6,4,0.331681,0.355955,262.339812
alma.carrillo,,0,1,1,2,0.000219,0.012282,0,0,1151,1,1,2,0,5,0.270863,0.285431,0
althea.gordon,,7,0,1,1,0.000167,0,0,0,1158,0,1,1,0,5,0.290942,0.305229,0
amanda.rybarski,,1,0,2,2,0.000167,0,0,0,1159,0,2,2,1,5,0.297662,0.314402,0
amber.ebow,,5,1,1,2,0.000246,0.035042,0,0,1151,1,1,2,0,5,0.269806,0.287825,0
amber.keenan,,6,1,1,2,0.000239,0.037334,0,0,1151,1,1,2,0,5,0.284929,0.299333,0
amita.gosalia,,1,3,2,5,0.000418,0.107531,0,0,1151,3,2,5,0.666667,5,0.3222,0.335792,133.284124
amitava.dhar,,7,1,1,2,0.000268,0.020029,0,0,1151,1,1,2,0,5,0.290884,0.305135,0
amr.ibrahim,,6,1,2,3,0.000239,0.037334,0,0,1151,1,2,3,1,4,0.299538,0.319873,0
amy.bundscho,,6,0,1,1,0.000167,0,0,0,1160,0,1,1,0,4,0.299509,0.312771,0
amy.fabian,,5,0,2,2,0.000167,0,0,0,1161,0,2,2,0,4,0.318008,0.333855,0
amy.fitzpatrick,,4,3,3,6,0.000404,0.089507,0,0,1151,3,3,6,0.416667,5,0.328216,0.342904,420.440122
amy.oberg,,2,1,3,4,0.000268,0.020029,0,0,1151,1,3,4,0.666667,4,0.328997,0.344624,0
andrea.bertone,,5,1,1,2,0.000283,0.028847,0,0,1151,1,1,2,0,5,0.26641,0.280456,0
andrea.yowman,,4,1,5,6,0.000229,0.014775,0,0,1151,1,5,6,0.15,4,0.373223,0.399912,2820.322713
michelle.cash,,4,55,66,121,0.004822,0.318888,0,0,1151,55,66,121,0.022617,4,0.349158,0.371826,76535.09448
andrew.cornfield,,3,0,1,1,0.000167,0,0,0,1162,0,1,1,0,5,0.304029,0.334884,0
andrew.edison,,4,2,2,4,0.000552,0.047486,0,0,1151,2,2,4,0,4,0.285321,0.297854,341.47212
gerald.nemec,,8,137,111,248,0.025735,0.289918,0,0,1151,137,111,248,0.002043,4,0.348923,0.376487,241236.418574
andrew.miles,,7,2,1,3,0.000465,0.03674,0,0,1151,2,1,3,0,5,0.2587,0.26706,3001.545746
andrew.parsons,,1,1,4,5,0.000194,0.027855,0,0,1151,1,4,5,0.75,4,0.345551,0.360897,540.438384
andrew.wu,,5,1,2,3,0.000225,0.031248,0,0,1151,1,2,3,0,4,0.310619,0.329878,242.336857
andy.rodriquez,,6,1,1,2,0.000239,0.037334,0,0,1151,1,1,2,0,5,0.284929,0.299333,0
andy.zipper,,1,6,5,11,0.001308,0.219822,0,0,1151,6,5,11,0.5,4,0.332692,0.350611,2454.877005
aneela.charania,,5,2,1,3,0.00031,0.056701,0,0,1151,2,1,3,0,5,0.26641,0.280456,452.278417
angela.davis,,4,4,4,8,0.000585,0.143565,0,0,1151,4,4,8,0.7,5,0.338557,0.35765,596.985455
angela.wilson,,6,0,4,4,0.000167,0,0,0,1163,0,4,4,0.916667,4,0.319378,0.346627,0
angie.buis,,6,0,1,1,0.000167,0,0,0,1164,0,1,1,0,4,0.289724,0.305582,0
anita.dupont,,7,1,1,2,0.000268,0.020029,0,0,1151,1,1,2,0,5,0.290884,0.305135,0
anita.luong,,3,0,1,1,0.000167,0,0,0,1165,0,1,1,0,5,0.304029,0.334884,0
anjam.ahmad,,7,1,1,2,0.000268,0.020029,0,0,1151,1,1,2,0,5,0.290884,0.305135,0
ann.ballard,,8,0,1,1,0.000167,0,0,0,1166,0,1,1,0,5,0.25876,0.267173,0
ann.hill,,6,0,1,1,0.000167,0,0,0,1167,0,1,1,0,5,0.284988,0.29943,0
ann.schmidt,,6,1,3,4,0.000261,0.04176,0,0,1151,1,3,4,1,4,0.311131,0.333896,0
ann.white,,8,3,2,5,0.000568,0.067102,0,0,1151,3,2,5,0.166667,5,0.276349,0.292398,1726.78364
anna.mehrer,,4,1,1,2,0.000252,0.030244,0,0,1151,1,1,2,0,5,0.279703,0.29055,0
anne.koehler,,4,5,1,6,0.000629,0.129055,0,0,1151,5,1,6,0.55,5,0.266958,0.279026,48.716893
anne.labbe,,1,1,2,3,0.000268,0.020029,0,0,1151,1,2,3,0.666667,5,0.297646,0.314392,168.790618
annemarie.allex,,3,0,1,1,0.000167,0,0,0,1168,0,1,1,0,5,0.304029,0.334884,0
anthony.campos,,5,2,1,3,0.000274,0.062897,0,0,1151,2,1,3,0,5,0.269806,0.287825,383.006192
anthony.dayao,,1,1,1,2,0.000194,0.027855,0,0,1151,1,1,2,1,5,0.295905,0.310937,0
aparna.rajaram,,5,0,1,1,0.000167,0,0,0,1169,0,1,1,0,5,0.269866,0.287928,0
april.hrach,,6,0,1,1,0.000167,0,0,0,1170,0,1,1,0,4,0.289724,0.305582,0
araceli.romero,,1,0,3,3,0.000167,0,0,0,1171,0,3,3,0.166667,5,0.284286,0.298924,0
arvel.martin,,8,1,1,2,0.000364,0.016711,0,0,1151,1,1,2,0,5,0.2587,0.26706,0
ashley.baxter,,7,1,1,2,0.000268,0.020029,0,0,1151,1,1,2,0,5,0.290884,0.305135,0
audrey.robertson,,0,0,1,1,0.000167,0,0,0,1172,0,1,1,0,5,0.270923,0.285534,0
barbara.gray,,5,5,1,6,0.000819,0.112652,0,0,1151,5,1,6,0.45,5,0.2587,0.26706,1033.601569
barry.pearce,,3,1,1,2,0.000194,0.027855,0,0,1151,1,1,2,0,5,0.303972,0.334804,0
barry.tycholiz,,1,4,4,8,0.00059,0.133731,0,0,1151,4,4,8,0.333333,4,0.357401,0.374478,7467.43293
barton.clark,,8,4,2,6,0.000472,0.096705,0,0,1151,4,2,6,0.333333,5,0.280157,0.298746,2191.880813
becky.merola,,6,0,2,2,0.000167,0,0,0,1173,0,2,2,1,4,0.304788,0.32257,0
becky.pham,,7,1,1,2,0.000268,0.020029,0,0,1151,1,1,2,0,5,0.290884,0.305135,0
becky.spencer,,4,3,8,11,0.000495,0.099078,0,0,1151,3,8,11,0.482143,4,0.320507,0.351374,2019.656293
ben.glisan,,2,3,1,4,0.000428,0.065638,0,0,1151,3,1,4,0.583333,5,0.248443,0.254364,0
ben.jacoby,,8,3,3,6,0.000407,0.100974,0,0,1151,3,3,6,0.5,4,0.346128,0.3617,2934.276751
benjamin.parsons,,7,1,1,2,0.000268,0.020029,0,0,1151,1,1,2,0,5,0.290884,0.305135,0
bernadette.hawkins,,2,2,8,10,0.000334,0.079094,0,0,1151,2,8,10,0.607143,4,0.365785,0.391313,344.22066
bernice.rodriguez,,2,4,1,5,0.000428,0.109357,0,0,1151,4,1,5,0.333333,5,0.269806,0.287825,636.007748
bert.hernandez,,0,0,1,1,0.000167,0,0,0,1174,0,1,1,0,5,0.270923,0.285534,0
beth.apollo,,3,1,1,2,0.000194,0.027855,0,0,1151,1,1,2,0,5,0.303972,0.334804,0
beth.perlman,,1,5,1,6,0.000502,0.15127,0,0,1151,5,1,6,0.85,5,0.303972,0.334804,0
beverly.stephens,,4,0,6,6,0.000167,0,0,0,1175,0,6,6,0.533333,4,0.36194,0.392892,0
bill.donovan,,6,1,1,2,0.000261,0.04176,0,0,1151,1,1,2,0,4,0.299451,0.312681,0
bill.williams,,4,2,2,4,0.000323,0.045447,0,0,1151,2,2,4,0,4,0.29739,0.314047,1350.373913
billy.dorsey,,0,0,5,5,0.000167,0,0,0,1176,0,5,5,0.4,4,0.341059,0.360683,0
billy.lemmons,,2,1,11,12,0.000261,0.04176,0,0,1151,1,11,12,0.481818,4,0.38963,0.415421,2447.431576
kenneth.lay,,2,70,52,122,0.005391,0.360731,0,0,1151,70,52,122,0.045671,4,0.388972,0.421287,64625.13197
bjorn.hagelmann,,2,1,2,3,0.000268,0.020029,0,0,1151,1,2,3,0.666667,5,0.30518,0.337094,0
bob.ambrocik,,2,0,3,3,0.000167,0,0,0,1177,0,3,3,0,4,0.271277,0.282209,0
bob.bowen,,5,4,2,6,0.000523,0.126932,0,0,1151,4,2,6,0.5,5,0.273362,0.293812,516.290316
bob.carter,,8,1,1,2,0.000238,0.015202,0,0,1151,1,1,2,0,5,0.264507,0.276406,0
bob.chandler,,0,2,1,3,0.000356,0.019747,0,0,1151,2,1,3,1,6,0.234881,0.245251,0
bob.hall,,0,3,1,4,0.00039,0.056455,0,0,1151,3,1,4,0.166667,5,0.303972,0.334804,9918.879754
bob.lee,,7,1,1,2,0.000268,0.020029,0,0,1151,1,1,2,0,5,0.290884,0.305135,0
bob.shults,,5,4,4,8,0.000497,0.142573,0,0,1151,4,4,8,0.666667,4,0.360257,0.388983,4587.653726
bobbie.power,,0,0,8,8,0.000167,0,0,0,1178,0,8,8,0.375,4,0.33861,0.355743,0
body.shop,,8,0,1,1,0.000167,0,0,0,1179,0,1,1,0,5,0.25876,0.267173,0
brad.richter,,1,2,2,4,0.000285,0.072342,0,0,1151,2,2,4,0.666667,4,0.338557,0.350611,540.438384
brad.schneider,,5,1,1,2,0.000246,0.035042,0,0,1151,1,1,2,0,5,0.269806,0.287825,0
bradley.diebner,,5,2,2,4,0.000274,0.062897,0,0,1151,2,2,4,0.333333,5,0.273362,0.293812,516.290316
bradley.holmes,,0,1,1,2,0.000219,0.012282,0,0,1151,1,1,2,0,5,0.270863,0.285431,0
brandee.jackson,,1,1,1,2,0.000194,0.027855,0,0,1151,1,1,2,0.5,5,0.245647,0.254267,0
brant.reves,,8,3,3,6,0.000559,0.0806,0,0,1151,3,3,6,0.333333,4,0.289624,0.313846,2033.061817
brenda.funk,,5,1,1,2,0.000283,0.028847,0,0,1151,1,1,2,0,5,0.26641,0.280456,0
brenda.herod,,3,1,1,2,0.000194,0.027855,0,0,1151,1,1,2,0,5,0.303972,0.334804,0
brenda.whitehead,,4,2,10,12,0.000441,0.061805,0,0,1151,2,10,12,0.377778,4,0.354591,0.383076,1399.771868
brendan.devlin,,6,1,1,2,0.000239,0.037334,0,0,1151,1,1,2,0,5,0.284929,0.299333,0
brent.hendry,,5,3,3,6,0.000495,0.099078,0,0,1151,3,3,6,1,5,0.279703,0.303857,0
brent.price,,1,2,3,5,0.000232,0.045469,0,0,1151,2,3,5,0.666667,4,0.327233,0.357321,0
brian.barto,,8,1,1,2,0.000238,0.015202,0,0,1151,1,1,2,0,5,0.264507,0.276406,0
brian.heinrich,,3,1,1,2,0.000194,0.027855,0,0,1151,1,1,2,0,5,0.303972,0.334804,0
brian.hendon,,8,1,1,2,0.000364,0.016711,0,0,1151,1,1,2,0,5,0.2587,0.26706,0
brian.kerrigan,,8,2,1,3,0.000318,0.050244,0,0,1151,2,1,3,0.666667,5,0.266444,0.280537,0
brian.redmond,,4,4,8,12,0.00056,0.130338,0,0,1151,4,8,12,0.5,4,0.399692,0.42406,24051.477727
brian.spector,,6,0,1,1,0.000167,0,0,0,1180,0,1,1,0,4,0.289724,0.305582,0
bridgette.anderson,,5,1,1,2,0.000246,0.035042,0,0,1151,1,1,2,0,5,0.269806,0.287825,0
britt.whitman,,1,0,5,5,0.000167,0,0,0,1181,0,5,5,0.9,4,0.3585,0.378876,0
bruce.garner,,5,1,1,2,0.000204,0.017614,0,0,1151,1,1,2,0,5,0.267027,0.279147,90.17465
bruce.harris,,5,1,2,3,0.000283,0.028847,0,0,1151,1,2,3,1,5,0.27646,0.298875,0
bruce.rudy,,8,1,1,2,0.000364,0.016711,0,0,1151,1,1,2,0,5,0.2587,0.26706,0
bruno.gaillard,,6,3,3,6,0.000392,0.110342,0,0,1151,3,3,6,1,4,0.311131,0.333896,0
bryan.gottfredson,,6,1,2,3,0.000239,0.037334,0,0,1151,1,2,3,1,4,0.299538,0.319873,0
bryan.seyfried,,7,3,2,5,0.000491,0.099706,0,0,1151,3,2,5,0.666667,4,0.312114,0.32819,1812.385491
buckley,,1,0,1,1,0.000167,0,0,0,1182,0,1,1,0,5,0.295921,0.310948,0
c..gossett,,1,2,2,4,0.000285,0.072342,0,0,1151,2,2,4,1,4,0.322701,0.336789,0
c..hall,,4,0,1,1,0.000167,0,0,0,1183,0,1,1,0,5,0.279763,0.290651,0
c..koehler,,1,3,3,6,0.000453,0.108376,0,0,1151,3,3,6,0.666667,5,0.334894,0.352105,261.879007
c..williams,,6,1,2,3,0.000225,0.031248,0,0,1151,1,2,3,1,4,0.299538,0.319873,0
calger,,1,0,1,1,0.000167,0,0,0,1184,0,1,1,0,5,0.295921,0.310948,0
calvin.eakins,,2,0,1,1,0.000167,0,0,0,1185,0,1,1,0,5,0.28014,0.291422,0
camille.gerard,,5,1,1,2,0.000246,0.035042,0,0,1151,1,1,2,0,5,0.269806,0.287825,0
candace.bywaters,,8,0,1,1,0.000167,0,0,0,1186,0,1,1,0,5,0.25876,0.267173,0
cara.semperger,,4,1,1,2,0.000252,0.030244,0,0,1151,1,1,2,0,5,0.279703,0.29055,0
carin.nersesian,,6,1,1,2,0.000239,0.037334,0,0,1151,1,1,2,1,4,0.299495,0.312761,0
carl.carter,,8,1,1,2,0.000364,0.016711,0,0,1151,1,1,2,0.5,5,0.267027,0.279147,0
carla.galvan,,6,0,1,1,0.000167,0,0,0,1187,0,1,1,0,4,0.299509,0.312771,0
carla.hoffman,,4,1,1,2,0.000252,0.030244,0,0,1151,1,1,2,0,5,0.279703,0.29055,0
carlos.alatorre,,4,2,3,5,0.00048,0.045558,0,0,1151,2,3,5,0.416667,4,0.293311,0.31027,451.149506
carlos.sole,,8,1,1,2,0.000238,0.015202,0,0,1151,1,1,2,0,5,0.264507,0.276406,0
carmen.perez,,6,1,2,3,0.000239,0.037334,0,0,1151,1,2,3,1,4,0.299538,0.319873,0
carol.clair,,4,5,5,10,0.000824,0.156469,0,0,1151,5,5,10,0.733333,5,0.340335,0.360383,559.832693
carol.coats,,1,1,4,5,0.000268,0.020029,0,0,1151,1,4,5,0.666667,4,0.320556,0.34141,378.525204
carol.st.,,4,2,4,6,0.000424,0.055463,0,0,1151,2,4,6,0.666667,5,0.339055,0.358374,300.788258
caroline.abramo,,5,1,1,2,0.000283,0.028847,0,0,1151,1,1,2,0,5,0.26641,0.280456,0
caroline.barnes,,0,2,2,4,0.000356,0.019747,0,0,1151,2,2,4,1,5,0.272214,0.288645,0
carolyn.cooney,,6,1,2,3,0.000239,0.037334,0,0,1151,1,2,3,1,4,0.304731,0.322485,0
carolyn.george,,4,1,8,9,0.000238,0.015202,0,0,1151,1,8,9,0.482143,4,0.320507,0.351374,510.018645
carolyn.green,,6,0,1,1,0.000167,0,0,0,1188,0,1,1,0,4,0.299509,0.312771,0
carrie.robert,,6,0,1,1,0.000167,0,0,0,1189,0,1,1,0,4,0.299509,0.312771,0
cassandra.schultz,,0,2,7,9,0.00034,0.049011,0,0,1151,2,7,9,0.214286,4,0.376338,0.403046,3989.642952
cassi.wallace,,1,0,1,1,0.000167,0,0,0,1190,0,1,1,0,5,0.248443,0.254361,0
catherine.clark,,8,2,3,5,0.000318,0.050244,0,0,1151,2,3,5,0.666667,4,0.289827,0.315212,596.460944
catherine.huynh,,4,1,1,2,0.000229,0.014775,0,0,1151,1,1,2,0,5,0.258829,0.266313,0
cathy.phillips,,7,3,3,6,0.000333,0.065498,0,0,1151,3,3,6,0.666667,4,0.33484,0.367968,827.416994
celeste.roberts,,2,4,1,5,0.000428,0.107258,0,0,1151,4,1,5,0.666667,5,0.290884,0.305135,448.89179
chance.rabon,,1,0,1,1,0.000167,0,0,0,1191,0,1,1,0,5,0.245649,0.254265,0
charla.reese,,2,0,2,2,0.000167,0,0,0,1192,0,2,2,1,4,0.326412,0.340442,0
charla.stuart,,3,0,1,1,0.000167,0,0,0,1193,0,1,1,0,5,0.304029,0.334884,0
charlene.jackson,,2,5,3,8,0.000506,0.148543,0,0,1151,5,3,8,0.6,4,0.353141,0.378255,2642.554924
charles.cheek,,4,0,1,1,0.000167,0,0,0,1194,0,1,1,0,5,0.276962,0.285068,0
charles.yeung,,6,2,2,4,0.000334,0.079094,0,0,1151,2,2,4,1,4,0.304731,0.322485,0
cheryl.johnson,,5,1,2,3,0.000246,0.035042,0,0,1151,1,2,3,1,5,0.273362,0.293812,0
cheryl.marshall,,8,0,1,1,0.000167,0,0,0,1195,0,1,1,0,5,0.25876,0.267173,0
cheryl.nelson,,5,3,3,6,0.000495,0.099078,0,0,1151,3,3,6,1,5,0.279703,0.303857,0
chip.schneider,,2,3,4,7,0.000475,0.080845,0,0,1151,3,4,7,0.416667,4,0.338281,0.355272,4151.056452
chonawee.supatgiat,,7,1,1,2,0.000268,0.020029,0,0,1151,1,1,2,0,5,0.290884,0.305135,0
chris.abel,,2,2,10,12,0.000272,0.069139,0,0,1151,2,10,12,0.555556,4,0.370688,0.402563,867.851929
chris.booth,,8,1,1,2,0.000238,0.015202,0,0,1151,1,1,2,0,5,0.264507,0.276406,0
chris.dorland,,1,1,1,2,0.000244,0.041285,0,0,1151,1,1,2,0,5,0.295863,0.310857,0
chris.foster,,1,4,3,7,0.000503,0.131623,0,0,1151,4,3,7,0.416667,4,0.319372,0.342735,7171.08441
chris.gaffney,,4,4,3,7,0.000708,0.127622,0,0,1151,4,3,7,0.833333,5,0.299798,0.319158,162.557635
chris.germany,,8,3,2,5,0.00046,0.072805,0,0,1151,3,2,5,0.333333,5,0.277088,0.291996,4268.386876
chris.hilgert,,8,1,1,2,0.000364,0.016711,0,0,1151,1,1,2,0,5,0.2587,0.26706,0
chris.long,,2,3,6,9,0.000467,0.114283,0,0,1151,3,6,9,0.5,4,0.355624,0.372589,3582.406847
chris.mahoney,,2,1,1,2,0.000204,0.017614,0,0,1151,1,1,2,0,4,0.296752,0.308542,0
chris.meyer,,8,1,1,2,0.000364,0.016711,0,0,1151,1,1,2,0,5,0.2587,0.26706,0
chris.sonneborn,,8,1,1,2,0.000364,0.016711,0,0,1151,1,1,2,0,5,0.2587,0.26706,0
chris.walker,,5,2,2,4,0.000274,0.062897,0,0,1151,2,2,4,0.333333,5,0.273362,0.293812,516.290316
christi.nicolay,,4,6,12,18,0.000657,0.164442,0,0,1151,6,12,18,0.515152,4,0.40085,0.422011,34379.746616
christian.yoder,,4,7,6,13,0.000967,0.217961,0,0,1151,7,6,13,0.47619,4,0.325691,0.351776,13005.57534
christie.patrick,,2,2,6,8,0.000362,0.061789,0,0,1151,2,6,8,0.5,4,0.349099,0.364955,54.303948
christina.valdez,,3,1,1,2,0.000194,0.027855,0,0,1151,1,1,2,0,5,0.303972,0.334804,0
christopher.calger,,1,6,4,10,0.000581,0.187594,0,0,1151,6,4,10,0.52381,4,0.351824,0.369897,4722.073862
cindy.buckley,,5,0,1,1,0.000167,0,0,0,1196,0,1,1,0,5,0.269866,0.287928,0
cindy.derecskey,,2,3,7,10,0.00042,0.093037,0,0,1151,3,7,10,0.428571,4,0.345092,0.367727,3268.985127
cindy.olson,,4,4,2,6,0.000439,0.101017,0,0,1151,4,2,6,0.25,4,0.323456,0.334619,1078.957964
cindy.stark,,0,3,4,7,0.000521,0.030006,0,0,1151,3,4,7,0.4,5,0.315822,0.331557,1116.435664
claudette.harvey,,8,1,1,2,0.000238,0.015202,0,0,1151,1,1,2,0,5,0.264507,0.276406,0
clay.harris,,2,0,1,1,0.000167,0,0,0,1197,0,1,1,0,4,0.29681,0.308635,0
clayton.vernon,,7,1,1,2,0.000268,0.020029,0,0,1151,1,1,2,0,5,0.290884,0.305135,0
clement.abrams,,8,3,2,5,0.000559,0.0806,0,0,1151,3,2,5,0.333333,5,0.27646,0.298875,1395.918072
clint.freeland,,5,1,1,2,0.000283,0.028847,0,0,1151,1,1,2,0,5,0.26641,0.280456,0
cole.brown,,4,0,1,1,0.000167,0,0,0,1198,0,1,1,0,5,0.25889,0.266426,0
colleen.sullivan,,8,3,3,6,0.000585,0.074314,0,0,1151,3,3,6,0.333333,4,0.3141,0.331485,4183.101653
connie.sutton,,5,2,2,4,0.000274,0.062897,0,0,1151,2,2,4,0,5,0.326101,0.361644,2737.159346
corey.hollander,,5,0,1,1,0.000167,0,0,0,1199,0,1,1,0,5,0.269866,0.287928,0
craig.young,,5,0,2,2,0.000167,0,0,0,1200,0,2,2,1,5,0.273422,0.293912,0
cris.sherman,,8,1,1,2,0.000364,0.016711,0,0,1151,1,1,2,0,5,0.314863,0.325707,720.019131
cristina.zavala,,6,0,1,1,0.000167,0,0,0,1201,0,1,1,0,4,0.289724,0.305582,0
cutty.cunningham,,0,0,1,1,0.000167,0,0,0,1202,0,1,1,0,5,0.255983,0.265325,0
cynthia.harkness,,5,1,1,2,0.000299,0.035189,0,0,1151,1,1,2,0,5,0.266958,0.279026,0
cynthia.sandherr,,6,5,3,8,0.000576,0.157813,0,0,1151,5,3,8,0.55,4,0.311131,0.333896,3209.270728
d..hogan,,1,1,1,2,0.000194,0.027855,0,0,1151,1,1,2,0.5,5,0.245647,0.254267,0
d..steffes,,1,3,6,9,0.000388,0.113069,0,0,1151,3,6,9,0.733333,4,0.36572,0.384683,704.433067
d.hall,,3,1,1,2,0.000194,0.027855,0,0,1151,1,1,2,0,5,0.303972,0.334804,0
dale.neuner,,5,4,3,7,0.000523,0.126932,0,0,1151,4,3,7,0.5,5,0.279703,0.303857,968.568733
dale.rasmussen,,8,2,4,6,0.000354,0.044049,0,0,1151,2,4,6,0.3,4,0.350515,0.368611,5281.554597
dale.surbey,,7,1,1,2,0.000268,0.020029,0,0,1151,1,1,2,0,5,0.290884,0.305135,0
dan.bump,,8,1,1,2,0.000364,0.016711,0,0,1151,1,1,2,0,5,0.2587,0.26706,0
dan.hyvl,,8,3,3,6,0.000576,0.086942,0,0,1151,3,3,6,0.5,4,0.286464,0.309145,1460.188812
dan.leff,,2,4,6,10,0.00048,0.126969,0,0,1151,4,6,10,0.566667,4,0.378398,0.408349,7020.693838
dan.lyons,,4,4,2,6,0.000621,0.095941,0,0,1151,4,2,6,0.666667,4,0.290558,0.304444,874.443895
dana.gibbs,,0,1,1,2,0.000331,0.010259,0,0,1151,1,1,2,0,5,0.255923,0.265212,0
daniel.allegretti,,6,3,1,4,0.000392,0.110342,0,0,1151,3,1,4,1,5,0.284929,0.299333,0
daniel.diamond,,1,2,4,6,0.000337,0.079529,0,0,1151,2,4,6,0.6,5,0.312491,0.337118,844.773607
daniel.reck,,2,2,1,3,0.000232,0.045469,0,0,1151,2,1,3,1,4,0.296752,0.308542,0
daniel.rogers,,4,1,1,2,0.000355,0.030775,0,0,1151,1,1,2,0,5,0.276903,0.284965,0
danielle.marcinkowski,,1,0,3,3,0.000167,0,0,0,1203,0,3,3,1,4,0.322907,0.337269,0
danny.mccarty,,0,4,2,6,0.000609,0.046634,0,0,1151,4,2,6,0.666667,5,0.257416,0.26915,0
darin.schmidt,,1,0,2,2,0.000167,0,0,0,1204,0,2,2,0.5,5,0.280216,0.291775,0
darin.talley,,1,0,2,2,0.000167,0,0,0,1205,0,2,2,1,5,0.323612,0.355928,0
darran.binns,,0,1,3,4,0.000239,0.037334,0,0,1151,1,3,4,0.833333,4,0.307715,0.333173,312.245925
darrell.schoolcraft,,0,1,1,2,0.000219,0.012282,0,0,1151,1,1,2,0,5,0.270863,0.285431,0
darren.delage,,5,0,1,1,0.000167,0,0,0,1206,0,1,1,0,5,0.26647,0.280562,0
darren.vanek,,8,2,1,3,0.000443,0.051753,0,0,1151,2,1,3,0,5,0.2587,0.26706,312.357687
dave.fuller,,8,2,1,3,0.000443,0.051753,0,0,1151,2,1,3,0,5,0.2587,0.26706,312.357687
dave.perrino,,6,2,3,5,0.000297,0.068582,0,0,1151,2,3,5,1,4,0.304195,0.327829,0
dave.samuels,,1,3,2,5,0.000469,0.114718,0,0,1151,3,2,5,1,5,0.273362,0.293812,0
dave.schafer,,0,1,1,2,0.000219,0.012282,0,0,1151,1,1,2,1,5,0.255955,0.265293,0
david.cromley,,6,0,1,1,0.000167,0,0,0,1207,0,1,1,0,4,0.299509,0.312771,0
david.delainey,,2,12,14,26,0.001933,0.348263,0,0,1151,12,14,26,0.454167,4,0.411835,0.438967,26084.923208
david.dupre,,5,3,2,5,0.00039,0.091743,0,0,1151,3,2,5,0.333333,5,0.27646,0.298875,835.284608
david.fairley,,8,1,1,2,0.000238,0.015202,0,0,1151,1,1,2,0,5,0.264507,0.276406,0
david.forster,,2,5,17,22,0.001281,0.191968,1,0,1151,5,17,22,0.378676,4,0.435531,0.455923,30280.511135
david.gorte,,2,3,1,4,0.000508,0.082945,0,0,1151,3,1,4,0.666667,5,0.268722,0.278126,0
david.haug,,6,1,1,2,0.000261,0.04176,0,0,1151,1,1,2,0,4,0.299451,0.312681,0
david.marshall,,8,2,1,3,0.000436,0.031913,0,0,1151,2,1,3,0,5,0.2587,0.26706,206.090908
david.maxwell,,2,1,3,4,0.000194,0.027855,0,0,1151,1,3,4,0.666667,4,0.310712,0.340566,0
david.minns,,5,3,3,6,0.000495,0.099078,0,0,1151,3,3,6,1,5,0.279703,0.303857,0
david.owen,,8,1,1,2,0.000364,0.016711,0,0,1151,1,1,2,0,5,0.2587,0.26706,0
david.oxley,,4,9,12,21,0.000931,0.268824,1,0,1151,9,12,21,0.489011,4,0.405633,0.433623,20081.744315
david.parquet,,1,4,4,8,0.00047,0.151626,0,0,1151,4,4,8,0.9,4,0.31611,0.341771,815.814135
david.port,,1,4,6,10,0.000532,0.113527,0,0,1151,4,6,10,0.8,4,0.358451,0.388782,717.960581
david.portz,,4,5,4,9,0.000708,0.140896,0,0,1151,5,4,9,0.7,4,0.298117,0.322605,891.986212
david.poston,,4,1,1,2,0.000252,0.030244,0,0,1151,1,1,2,0,5,0.279703,0.29055,0
david.rosenberg,,0,0,1,1,0.000167,0,0,0,1208,0,1,1,0,6,0.234941,0.245373,0
dawn.derr,,7,0,2,2,0.000167,0,0,0,1209,0,2,2,0.5,4,0.328375,0.359036,0
dawn.doucet,,1,1,1,2,0.000244,0.041285,0,0,1151,1,1,2,0,5,0.295863,0.310857,0
deb.korkmas,,4,3,8,11,0.000506,0.081019,0,0,1151,3,8,11,0.482143,4,0.320507,0.351374,2325.958252
debbie.brackett,,1,5,1,6,0.000598,0.162602,0,0,1151,5,1,6,0.55,5,0.266958,0.279026,626.10827
deborah.edison,,8,0,4,4,0.000167,0,0,0,1210,0,4,4,0.166667,4,0.307453,0.321165,0
debra.davidson,,4,1,1,2,0.000252,0.030244,0,0,1151,1,1,2,0,5,0.279703,0.29055,0
debra.perlingiere,,8,2,2,4,0.000436,0.031913,0,0,1151,2,2,4,0,5,0.276349,0.292398,1264.973537
denis.tu,,0,2,1,3,0.000356,0.019747,0,0,1151,2,1,3,1,6,0.234881,0.245251,0
dennis.lee,,0,0,1,1,0.000167,0,0,0,1211,0,1,1,0,5,0.270923,0.285534,0
derek.lee,,5,0,1,1,0.000167,0,0,0,1212,0,1,1,0,5,0.26647,0.280562,0
deshonda.hamilton,,8,0,7,7,0.000167,0,0,0,1213,0,7,7,0.357143,4,0.316891,0.348313,0
diana.scholtes,,1,2,1,3,0.000329,0.071529,0,0,1151,2,1,3,1,5,0.279703,0.29055,0
diane.anderson,,5,2,2,4,0.000362,0.063889,0,0,1151,2,2,4,1,5,0.27646,0.298875,0
diane.goode,,4,1,1,2,0.000229,0.014775,0,0,1151,1,1,2,0,5,0.258829,0.266313,0
diann.huddleson,,6,1,1,2,0.000225,0.031248,0,0,1151,1,1,2,0,4,0.289665,0.305489,0
dina.snow,,4,2,8,10,0.000371,0.050391,0,0,1151,2,8,10,0.482143,4,0.320507,0.351374,971.828748
dirk.vanulden,,6,1,1,2,0.000225,0.031248,0,0,1151,1,1,2,0,4,0.289665,0.305489,0
don.black,,1,4,1,5,0.000488,0.15878,0,0,1151,4,1,5,0.75,5,0.295863,0.310857,0
don.miller,,4,2,2,4,0.000316,0.056487,0,0,1151,2,2,4,0.5,5,0.321252,0.332899,300.769819
donald.lassere,,6,2,1,3,0.000297,0.068582,0,0,1151,2,1,3,1,4,0.289665,0.305489,0
donna.fulton,,1,4,7,11,0.000444,0.122624,0,0,1151,4,7,11,0.714286,4,0.364179,0.38605,1365.636381
donna.lowry,,2,1,6,7,0.000283,0.028847,0,0,1151,1,6,7,0.266667,4,0.335544,0.356196,1587.676738
donna.scott,,0,1,1,2,0.000219,0.012282,0,0,1151,1,1,2,0,5,0.270863,0.285431,0
dorie.hitchcock,,4,1,11,12,0.000244,0.041285,1,0,1151,1,11,12,0.345455,4,0.40421,0.428841,2629.054717
dorothy.youngblood,,2,1,1,2,0.000225,0.031248,0,0,1151,1,1,2,0,5,0.268792,0.278247,52.849498
doug.leach,,2,1,2,3,0.000204,0.017614,0,0,1151,1,2,3,0.5,4,0.29816,0.311355,0
doug.wood,,6,1,1,2,0.000239,0.037334,0,0,1151,1,1,2,0,5,0.284929,0.299333,0
drew.fossum,,0,5,4,9,0.000776,0.077965,0,0,1151,5,4,9,0.4,4,0.299928,0.32377,15136.070142
drew.ries,,1,0,1,1,0.000167,0,1,0,1214,0,1,1,0,5,0.314823,0.325671,0
drew.tingleaf,,1,0,1,1,0.000167,0,1,0,1215,0,1,1,0,5,0.314823,0.325671,0
dwight.beach,,8,0,1,1,0.000167,0,0,0,1216,0,1,1,0,5,0.25876,0.267173,0
e..haedicke,,4,1,3,4,0.000257,0.044487,0,0,1151,1,3,4,1,4,0.325384,0.338034,0
e..rosenberg,,0,1,1,2,0.000304,0.007465,0,0,1151,1,1,2,0,6,0.234881,0.245251,0
e.sullo,,2,0,1,1,0.000167,0,0,0,1217,0,1,1,0,5,0.268782,0.278233,0
ed.mcmichael,,8,5,5,10,0.000667,0.146139,0,0,1151,5,5,10,0.233333,4,0.347753,0.36612,12688.94311
eddy.daniels,,4,1,1,2,0.000355,0.030775,0,0,1151,1,1,2,0,5,0.276903,0.284965,0
edmund.cooper,,5,4,3,7,0.000585,0.143565,0,0,1151,4,3,7,0.833333,5,0.279703,0.303857,314.553269
edward.brady,,1,0,1,1,0.000167,0,0,0,1218,0,1,1,0,5,0.245649,0.254265,0
edward.sacks,,8,5,4,9,0.000633,0.136954,0,0,1151,5,4,9,0.4,4,0.299971,0.326061,4876.840386
elaine.concklin,,0,1,1,2,0.000304,0.007465,0,0,1151,1,1,2,0,6,0.234881,0.245251,0
elena.chilkina,,7,1,1,2,0.000268,0.020029,0,0,1151,1,1,2,0,5,0.290884,0.305135,0
elena.kapralova,,5,2,2,4,0.00039,0.079676,0,0,1151,2,2,4,1,5,0.3222,0.335792,0
elizabeth.brown,,0,0,1,1,0.000167,0,0,0,1219,0,1,1,0,5,0.270923,0.285534,0
elizabeth.labanowski,,6,1,1,2,0.000261,0.04176,0,0,1151,1,1,2,0,4,0.299451,0.312681,0
elizabeth.lay,,2,0,1,1,0.000167,0,0,0,1220,0,1,1,0,5,0.28014,0.291422,0
elizabeth.linnell,,0,4,3,7,0.000444,0.122624,0,0,1151,4,3,7,0.916667,4,0.311131,0.333896,0
bonnie.white,,4,1,0,1,0.000308,0.026616,0,0,308,1,0,1,0,0,0,0,0
charlotte.kraham,,4,1,0,1,0.000308,0.026616,0,0,307,1,0,1,0,0,0,0,0
chris.lackey,,4,2,0,2,0.000393,0.05686,0,0,306,2,0,2,1,0,0,0,0
cliff.baxter,,1,4,0,4,0.000451,0.113369,0,0,119,4,0,4,0.416667,0,0,0,0
genia.fitzgerald,,8,3,3,6,0.000459,0.07686,0,0,1151,3,3,6,0.666667,4,0.296837,0.320034,596.460944
greg.johnston,,4,6,5,11,0.000896,0.171671,0,0,1151,6,5,11,0.633333,5,0.304195,0.327515,663.8644
harlan.murphy,,8,2,1,3,0.00038,0.041818,0,0,1151,2,1,3,1,5,0.278988,0.287777,0
james.fallon,,4,2,0,2,0.000393,0.05686,0,0,305,2,0,2,1,0,0,0,0
jan.king,,4,1,0,1,0.000308,0.026616,0,0,304,1,0,1,0,0,0,0,0
janet.moore,,5,2,1,3,0.000441,0.061805,0,0,1151,2,1,3,1,5,0.278988,0.287777,0
janette.elbertson,,2,4,18,22,0.0007,0.107782,1,0,1151,4,18,22,0.339869,4,0.455724,0.471633,26539.79539
janice.moore,,5,3,3,6,0.000557,0.090652,0,0,1151,3,3,6,0.666667,5,0.28922,0.306863,59.62415
jeffrey.hodge,,6,9,5,14,0.001224,0.260557,0,0,1151,9,5,14,0.513889,4,0.307533,0.331847,11194.720963
joe.hartsoe,,0,6,5,11,0.000749,0.159499,0,0,1151,6,5,11,0.571429,4,0.32457,0.354428,5528.040093
john.llodra,,1,3,3,6,0.00047,0.086305,0,0,1151,3,3,6,0.666667,4,0.331575,0.345508,955.655949
john.malowney,,4,4,2,6,0.000588,0.120749,0,0,1151,4,2,6,0.5,5,0.27646,0.298875,1475.003737
joseph.wagner,,4,1,1,2,0.000308,0.026616,0,0,1151,1,1,2,0,5,0.278988,0.287777,0
justin.boyd,,1,6,4,10,0.000915,0.200956,0,0,1151,6,4,10,0.619048,5,0.284773,0.309523,699.817532
karen.denne,,0,4,13,17,0.000533,0.136958,0,0,1151,4,13,17,0.472527,4,0.410125,0.437118,9824.82191
kevin.hannon,,2,5,3,8,0.000619,0.132887,0,0,1151,5,3,8,0.3,4,0.32381,0.335342,887.552742
kevin.presto,,1,3,3,6,0.000487,0.08793,0,0,1151,3,3,6,0.7,4,0.332798,0.347999,585.82415
leslie.hansen,,1,4,4,8,0.000611,0.141334,0,0,1151,4,4,8,0.8,5,0.294979,0.318274,353.46252
lisa.mellencamp,,6,6,6,12,0.000875,0.167876,0,0,1151,6,6,12,0.333333,4,0.329468,0.35495,9983.101591
lou.stoler,,5,2,0,2,0.000441,0.061805,0,0,303,2,0,2,1,0,0,0,0
marcus.nettelton,,4,2,3,5,0.000387,0.061658,0,0,1151,2,3,5,1,5,0.29203,0.312408,0
mary.cook,,8,6,7,13,0.000915,0.200956,0,0,1151,6,7,13,0.547619,4,0.351287,0.371625,2868.571836
michael.tribolet,,2,4,10,14,0.000606,0.120779,0,0,1151,4,10,14,0.555556,4,0.377365,0.398987,4785.249363
peter.keohane,,4,6,7,13,0.000983,0.185618,0,0,1151,6,7,13,0.482143,4,0.34957,0.371665,7197.432436
richard.sanders,,6,10,10,20,0.001207,0.299143,0,0,1151,10,10,20,0.492424,4,0.351883,0.382032,30526.523255
rogers.herndon,,1,3,1,4,0.000476,0.112388,0,0,1151,3,1,4,0.666667,5,0.295863,0.310857,81.763224
s..bradford,,1,3,4,7,0.000544,0.092259,0,0,1151,3,4,7,0.583333,4,0.330676,0.34603,277.548695
sami.arap,,4,4,3,7,0.000745,0.121427,0,0,1151,4,3,7,0.666667,5,0.293726,0.307666,43.478537
shari.stack,,4,4,5,9,0.000636,0.125694,0,0,1151,4,5,9,0.6,5,0.313482,0.338967,1681.607202
sheila.tweed,,4,5,2,7,0.000746,0.116215,0,0,1151,5,2,7,0.6,4,0.290558,0.304444,671.114058
steve.hall,,6,2,5,7,0.000366,0.057864,0,0,1151,2,5,7,0.7,4,0.323557,0.347115,572.360424
stuart.zisman,,8,3,6,9,0.000577,0.058529,0,0,1151,3,6,9,0.366667,4,0.347987,0.366964,3106.232834
taffy.milligan,,8,5,8,13,0.000708,0.140896,0,0,1151,5,8,13,0.482143,4,0.320507,0.351374,2743.437794
tanya.rohauer,,4,4,4,8,0.000636,0.125694,0,0,1151,4,4,8,0.833333,5,0.294979,0.318274,59.62415
taylor,,1,4,4,8,0.000594,0.134992,0,0,1151,4,4,8,0.666667,5,0.339055,0.358374,615.341527
tracy.ngo,,2,5,3,8,0.000707,0.142908,0,0,1151,5,3,8,0.2,5,0.293851,0.315943,4019.621895
travis.mccullough,,4,7,8,15,0.000933,0.202086,0,0,1151,7,8,15,0.513889,4,0.357032,0.37942,5669.125443
vicki.sharp,,6,4,4,8,0.000649,0.130399,0,0,1151,4,4,8,0.65,4,0.316593,0.339963,867.935072
william.bradford,,2,11,9,20,0.001231,0.353513,0,0,1151,11,9,20,0.378788,4,0.406587,0.427395,51690.50783
ellen.su,,5,1,1,2,0.000283,0.028847,0,0,1151,1,1,2,0,5,0.26641,0.280456,0
ellen.wallumrod,,8,2,1,3,0.000455,0.061198,0,0,1151,2,1,3,0,5,0.2587,0.26706,652.266727
ellis.stern,,0,1,1,2,0.000304,0.007465,0,0,1151,1,1,2,0,6,0.234881,0.245251,0
emily.sellers,,4,1,2,3,0.000219,0.012282,0,0,1151,1,2,3,0,4,0.296879,0.311797,149.080062
enron.announcements,,2,0,8,8,0.000167,0,0,0,1221,0,8,8,0.535714,4,0.355247,0.373534,0
enron.cuttings,,1,0,2,2,0.000167,0,0,0,1222,0,2,2,1,4,0.331258,0.345502,0
enron.security,,5,1,1,2,0.000246,0.035042,0,0,1151,1,1,2,0,5,0.269806,0.287825,0
eric.benson,,6,2,2,4,0.000291,0.049616,0,0,1151,2,2,4,0.833333,4,0.304731,0.322485,0
eric.booth,,8,1,1,2,0.000238,0.015202,0,0,1151,1,1,2,0,5,0.264507,0.276406,0
eric.boyt,,8,1,2,3,0.000238,0.015202,0,0,1151,1,2,3,0,5,0.277088,0.291996,438.646034
eric.gillaspie,,8,1,1,2,0.000364,0.016711,0,0,1151,1,1,2,0,5,0.2587,0.26706,0
eric.letke,,6,1,1,2,0.000225,0.031248,0,0,1151,1,1,2,0,4,0.289665,0.305489,0
eric.thode,,1,2,6,8,0.000339,0.083045,0,0,1151,2,6,8,0.866667,4,0.353503,0.372067,195.922391
erica.braden,,8,0,3,3,0.000167,0,0,0,1223,0,3,3,0.333333,4,0.289683,0.313936,0
erika.vaughan,,5,0,1,1,0.000167,0,0,0,1224,0,1,1,0,5,0.269866,0.287928,0
eserver,,0,0,1,1,0.000167,0,0,0,1225,0,1,1,0,5,0.255983,0.265325,0
esmeralda.gonzalez,,1,0,4,4,0.000167,0,0,0,1226,0,4,4,0.416667,5,0.297961,0.32041,0
eugenio.perez,,1,1,4,5,0.000194,0.027855,0,0,1151,1,4,5,0.833333,4,0.341287,0.373674,448.89179
eva.neufeld,,8,1,1,2,0.000364,0.016711,0,0,1151,1,1,2,0,5,0.2587,0.26706,0
eva.rainer,,8,1,1,2,0.000364,0.016711,0,0,1151,1,1,2,0,5,0.2587,0.26706,0
exchange.administrator,,6,0,2,2,0.000167,0,0,0,1227,0,2,2,0,4,0.308826,0.325422,0
exec.jones,,4,2,1,3,0.00032,0.059262,0,0,1151,2,1,3,1,5,0.314767,0.325587,0
f..calger,,2,5,3,8,0.000566,0.163891,0,0,1151,5,3,8,0.7,4,0.332798,0.347999,0
faith.killen,,1,1,1,2,0.000257,0.044487,1,0,1151,1,1,2,0,5,0.314767,0.325587,0
felecia.acevedo,,4,1,1,2,0.000229,0.014775,0,0,1151,1,1,2,0,5,0.258829,0.266313,0
fernley.dyson,,2,2,2,4,0.00034,0.049011,0,0,1151,2,2,4,1,5,0.30509,0.336974,0
fletcher.sturm,,1,2,2,4,0.000388,0.057603,0,0,1151,2,2,4,0.666667,5,0.296074,0.311419,41.604074
fraisy.george,,2,0,9,9,0.000167,0,0,0,1228,0,9,9,0.5,4,0.380455,0.409398,0
fran.chang,,4,0,1,1,0.000167,0,0,0,1229,0,1,1,0,5,0.279763,0.290651,0
fran.mayes,,4,1,1,2,0.000229,0.014775,0,0,1151,1,1,2,0,5,0.258829,0.266313,0
francisco.dejesus,,3,0,1,1,0.000167,0,0,0,1230,0,1,1,0,5,0.304029,0.334884,0
frank.davis,,5,3,2,5,0.000406,0.098086,0,0,1151,3,2,5,0.333333,5,0.273362,0.293812,516.290316
frank.de,,2,0,1,1,0.000167,0,0,0,1231,0,1,1,0,5,0.268782,0.278233,0
frank.hayden,,1,3,4,7,0.000436,0.105801,0,0,1151,3,4,7,0.65,4,0.334894,0.351294,672.851544
frank.sayre,,5,3,2,5,0.000495,0.099078,0,0,1151,3,2,5,1,5,0.27646,0.298875,0
frank.vickers,,1,4,2,6,0.000537,0.133338,0,0,1151,4,2,6,0.583333,5,0.317708,0.330649,1265.512766
frazier.king,,0,1,1,2,0.000219,0.012282,0,0,1151,1,1,2,0,5,0.270863,0.285431,0
fred.mitro,,5,1,2,3,0.000238,0.015202,0,0,1151,1,2,3,0,4,0.281449,0.297935,48.716893
fred.philipson,,2,2,2,4,0.000284,0.052656,0,0,1151,2,2,4,0.333333,5,0.326101,0.361644,2607.154711
gail.brownfeld,,4,0,1,1,0.000167,0,0,0,1232,0,1,1,0,5,0.276962,0.285068,0
gary.justice,,1,0,1,1,0.000167,0,1,0,1233,0,1,1,0,5,0.314823,0.325671,0
gary.kenagy,,0,0,1,1,0.000167,0,0,0,1234,0,1,1,0,5,0.270923,0.285534,0
gary.peng,,6,0,1,1,0.000167,0,0,0,1235,0,1,1,0,4,0.299509,0.312771,0
gary.smith,,0,2,3,5,0.000469,0.017724,0,0,1151,2,3,5,0.666667,4,0.303838,0.319793,1669.206339
gary.stadler,,2,1,2,3,0.000194,0.027855,0,0,1151,1,2,3,1,5,0.30509,0.336974,0
gary.zahn,,0,0,1,1,0.000167,0,0,0,1236,0,1,1,0,6,0.234941,0.245373,0
gavin.dillingham,,6,1,1,2,0.000261,0.04176,0,0,1151,1,1,2,0,4,0.299451,0.312681,0
gay.mayeux,,1,0,1,1,0.000167,0,0,0,1237,0,1,1,0,5,0.248443,0.254361,0
gene.humphrey,,2,0,1,1,0.000167,0,0,0,1238,0,1,1,0,6,0.229409,0.234281,0
geoff.storey,,1,3,1,4,0.000363,0.113627,0,0,1151,3,1,4,1,5,0.314767,0.325587,0
george.hope,,3,0,1,1,0.000167,0,0,0,1239,0,1,1,0,5,0.304029,0.334884,0
george.mcclellan,,6,4,1,5,0.000368,0.118001,0,0,1151,4,1,5,0.5,4,0.296752,0.308542,518.268705
george.wasaff,,2,2,1,3,0.000295,0.062101,0,0,1151,2,1,3,1,4,0.296752,0.308542,0
george.weissman,,1,1,1,2,0.000311,0.016318,0,0,1151,1,1,2,0,5,0.245589,0.254147,0
georgi.landau,,5,1,1,2,0.000246,0.035042,0,0,1151,1,1,2,0,5,0.269806,0.287825,0
arnold.eisenstein,,8,1,0,1,0.000364,0.016711,0,0,1067,1,0,1,0,0,0,0,0
brad.blevins,,8,1,0,1,0.000364,0.016711,0,0,1066,1,0,1,0,0,0,0,0
brian.bierbach,,8,1,0,1,0.000364,0.016711,0,0,1065,1,0,1,0,0,0,0,0
david.foti,,8,1,0,1,0.000364,0.016711,0,0,1064,1,0,1,0,0,0,0,0
davis.thames,,8,1,0,1,0.000364,0.016711,0,0,1063,1,0,1,0,0,0,0,0
don.baldridge,,8,1,0,1,0.000364,0.016711,0,0,1062,1,0,1,0,0,0,0,0
eric.ledain,,8,3,0,3,0.000513,0.073198,0,0,267,3,0,3,0,0,0,0,0
greg.brazaitis,,8,1,1,2,0.000364,0.016711,0,0,1151,1,1,2,0,5,0.2587,0.26706,0
heather.kroll,,8,3,2,5,0.000526,0.076401,0,0,1151,3,2,5,0,5,0.276349,0.292398,2643.406055
jackie.morgan,,8,1,1,2,0.000364,0.016711,0,0,1151,1,1,2,0,5,0.2587,0.26706,0
james.haden,,8,1,0,1,0.000364,0.016711,0,0,1061,1,0,1,0,0,0,0,0
james.hoff,,8,1,1,2,0.000364,0.016711,0,0,1151,1,1,2,0,5,0.2587,0.26706,0
jamie.ginsberg,,8,1,1,2,0.000364,0.016711,0,0,1151,1,1,2,0,5,0.2587,0.26706,0
janel.guerrero,,4,4,7,11,0.000589,0.127053,0,0,1151,4,7,11,0.642857,4,0.374571,0.395934,17952.359759
jean.mrha,,1,4,3,7,0.00056,0.130338,0,0,1151,4,3,7,0.5,4,0.331628,0.347838,5354.969096
jim.coffey,,8,1,1,2,0.000364,0.016711,0,0,1151,1,1,2,0,5,0.2587,0.26706,0
jim.schwieger,,1,5,1,6,0.000714,0.122198,0,0,1151,5,1,6,0.4,5,0.295863,0.310857,877.811682
joan.quick,,8,1,1,2,0.000364,0.016711,0,0,1151,1,1,2,0,5,0.2587,0.26706,0
john.grass,,8,1,0,1,0.000364,0.016711,0,0,1060,1,0,1,0,0,0,0,0
john.hodge,,1,2,2,4,0.000508,0.03303,0,0,1151,2,2,4,0,5,0.267889,0.280826,2304.582545
john.kiani,,8,1,1,2,0.000364,0.016711,0,0,1151,1,1,2,0,5,0.2587,0.26706,0
john.scarborough,,8,1,0,1,0.000364,0.016711,0,0,1059,1,0,1,0,0,0,0,0
judy.thorne,,8,1,1,2,0.000364,0.016711,0,0,1151,1,1,2,0,5,0.2587,0.26706,0
julia.murray,,4,8,2,10,0.001115,0.19657,0,0,1151,8,2,10,0.388889,4,0.287337,0.300546,5140.343987
julie.gomez,,6,3,1,4,0.000474,0.060241,0,0,1151,3,1,4,0.333333,5,0.2587,0.26706,3156.810701
karry.kendall,,8,1,0,1,0.000364,0.016711,0,0,1058,1,0,1,0,0,0,0,0
kay.young,,4,4,5,9,0.000648,0.102144,0,0,1151,4,5,9,0.466667,4,0.302774,0.328351,2902.294103
keegan.farrell,,5,1,5,6,0.000364,0.016711,0,0,1151,1,5,6,0.45,4,0.297689,0.327628,2454.800701
ken.choyce,,8,1,1,2,0.000364,0.016711,0,0,1151,1,1,2,0,5,0.2587,0.26706,0
kim.ward,,4,3,2,5,0.000565,0.075802,0,0,1151,3,2,5,0,5,0.279176,0.296336,3288.40208
lance.legal,,8,1,0,1,0.000364,0.016711,0,0,1057,1,0,1,0,0,0,0,0
lauri.allen,,8,1,1,2,0.000364,0.016711,0,0,1151,1,1,2,0,5,0.2587,0.26706,0
lawrence.lawyer,,8,1,0,1,0.000364,0.016711,0,0,1056,1,0,1,0,0,0,0,0
lisa.druzbik,,8,1,1,2,0.000364,0.016711,0,0,1151,1,1,2,0,5,0.2587,0.26706,0
lisa.hesse,,8,1,0,1,0.000364,0.016711,0,0,1055,1,0,1,0,0,0,0,0
lisa.nemec,,8,1,1,2,0.000364,0.016711,0,0,1151,1,1,2,0,5,0.2587,0.26706,0
mark.castiglione,,8,1,1,2,0.000364,0.016711,0,0,1151,1,1,2,0,5,0.2587,0.26706,0
mark.courtney,,8,1,1,2,0.000364,0.016711,0,0,1151,1,1,2,0,5,0.2587,0.26706,0
mark.knippa,,8,1,1,2,0.000364,0.016711,0,0,1151,1,1,2,0,5,0.2587,0.26706,0
mark.whitt,,8,1,1,2,0.000364,0.016711,0,0,1151,1,1,2,0,5,0.2587,0.26706,0
marlene.hilliard,,8,1,1,2,0.000364,0.016711,0,0,1151,1,1,2,0,5,0.2587,0.26706,0
mary.ogden,,8,1,1,2,0.000364,0.016711,0,0,1151,1,1,2,0,5,0.2587,0.26706,0
michael.legler,,8,1,1,2,0.000364,0.016711,0,0,1151,1,1,2,0,5,0.2587,0.26706,0
ned.higgins,,2,2,1,3,0.000402,0.034325,0,0,1151,2,1,3,0,5,0.2587,0.26706,780.740261
nick.cocavessis,,8,1,1,2,0.000364,0.016711,0,0,1151,1,1,2,0,5,0.2587,0.26706,0
nora.dobin,,5,2,3,5,0.000443,0.051753,0,0,1151,2,3,5,0.583333,4,0.293311,0.31027,418.006235
pat.radford,,2,1,11,12,0.000364,0.016711,0,0,1151,1,11,12,0.390909,4,0.366043,0.388902,5271.177413
paul.lucci,,8,1,1,2,0.000364,0.016711,0,0,1151,1,1,2,0,5,0.2587,0.26706,0
paul.miller,,8,1,0,1,0.000364,0.016711,0,0,1054,1,0,1,0,0,0,0,0
rae.meadows,,8,1,1,2,0.000364,0.016711,0,0,1151,1,1,2,0,5,0.2587,0.26706,0
rakhi.israni,,8,1,1,2,0.000364,0.016711,0,0,1151,1,1,2,0,5,0.2587,0.26706,0
ranabir.dutt,,1,2,0,2,0.000455,0.061198,0,0,957,2,0,2,0,0,0,0,0
rebecca.cantrell,,6,3,5,8,0.000495,0.085293,0,0,1151,3,5,8,0.55,4,0.332319,0.361058,13825.306186
rhett.jackson,,8,3,1,4,0.000552,0.06076,0,0,1151,3,1,4,0.333333,5,0.26641,0.280456,483.803574
robert.walker,,8,1,1,2,0.000364,0.016711,0,0,1151,1,1,2,0,5,0.2587,0.26706,0
roger.balog,,8,2,0,2,0.000436,0.031913,0,0,234,2,0,2,0,0,0,0,0
rudwell.johnson,,5,3,2,5,0.000559,0.0806,0,0,1151,3,2,5,0.333333,4,0.282677,0.303359,1549.258243
russell.diamond,,1,4,7,11,0.000692,0.115789,0,0,1151,4,7,11,0.309524,4,0.384003,0.411524,24490.15773
rusty.belflower,,8,1,1,2,0.000364,0.016711,0,0,1151,1,1,2,0,5,0.2587,0.26706,0
scott.josey,,1,3,0,3,0.000532,0.102483,0,0,955,3,0,3,0.333333,0,0,0,0
shonnie.daniel,,4,2,2,4,0.000402,0.034325,0,0,1151,2,2,4,0,5,0.269947,0.282072,1513.844734
staci.holtzman,,8,2,1,3,0.000416,0.028993,0,0,1151,2,1,3,0,5,0.2587,0.26706,2323.709233
stephanie.balette,,8,1,0,1,0.000364,0.016711,0,0,1053,1,0,1,0,0,0,0,0
stephanie.miller,,6,2,4,6,0.000422,0.047959,0,0,1151,2,4,6,0.5,4,0.323506,0.348481,7357.830471
steve.hooser,,4,1,2,3,0.000364,0.016711,0,0,1151,1,2,3,0,4,0.287337,0.300546,105.648548
steve.morse,,8,1,0,1,0.000364,0.016711,0,0,1052,1,0,1,0,0,0,0,0
steve.pruett,,8,1,1,2,0.000364,0.016711,0,0,1151,1,1,2,0,5,0.2587,0.26706,0
steve.schneider,,8,1,0,1,0.000364,0.016711,0,0,1051,1,0,1,0,0,0,0,0
susan.scott,,6,3,3,6,0.000474,0.060241,0,0,1151,3,3,6,0.333333,4,0.310061,0.33482,9813.644272
t..hodge,,8,4,1,5,0.000606,0.111443,0,0,1151,4,1,5,0.166667,5,0.2587,0.26706,1170.715323
t..lucci,,8,1,1,2,0.000364,0.016711,0,0,1151,1,1,2,0,5,0.2587,0.26706,0
ted.bland,,7,4,5,9,0.00068,0.116074,0,0,1151,4,5,9,0.380952,4,0.354469,0.386491,31791.118387
teresa.bushman,,5,2,1,3,0.00048,0.045558,0,0,1151,2,1,3,0,5,0.26641,0.280456,483.803574
theresa.staab,,8,1,1,2,0.000364,0.016711,0,0,1151,1,1,2,0,5,0.2587,0.26706,0
tom.shelton,,8,1,1,2,0.000364,0.016711,0,0,1151,1,1,2,0,5,0.2587,0.26706,0
tyrell.harrison,,8,1,1,2,0.000364,0.016711,0,0,1151,1,1,2,0,5,0.2587,0.26706,0
ward,,5,2,2,4,0.00048,0.045558,0,0,1151,2,2,4,0,5,0.279176,0.296336,808.589632
geriann.warner,,6,1,1,2,0.000239,0.037334,0,0,1151,1,1,2,1,4,0.299495,0.312761,0
geynille.dillingham,,1,2,2,4,0.000338,0.044173,0,0,1151,2,2,4,0.166667,5,0.313246,0.345452,5384.392929
gillian.johnson,,5,0,1,1,0.000167,0,0,0,1240,0,1,1,0,5,0.269866,0.287928,0
gina.corteselli,,2,3,8,11,0.000469,0.077691,0,0,1151,3,8,11,0.678571,4,0.361765,0.383157,2478.563685
gina.taylor,,0,2,3,5,0.000383,0.022541,0,0,1151,2,3,5,0.65,4,0.344232,0.358888,2618.571987
ginger.dernehl,,2,3,12,15,0.000392,0.110342,0,0,1151,3,12,15,0.515152,4,0.384787,0.410198,685.11182
glen.hass,,6,2,1,3,0.000277,0.04353,0,0,1151,2,1,3,1,4,0.289665,0.305489,0
gloria.cruz,,4,1,8,9,0.000238,0.015202,0,0,1151,1,8,9,0.482143,4,0.320507,0.351374,510.018645
gloria.solis,,6,0,1,1,0.000167,0,0,0,1241,0,1,1,0,4,0.299509,0.312771,0
gordon.mckillop,,5,1,1,2,0.000283,0.028847,0,0,1151,1,1,2,0,5,0.26641,0.280456,0
grace.rodriguez,,4,0,1,1,0.000167,0,0,0,1242,0,1,1,0,5,0.279763,0.290651,0
gracie.presas,,5,0,2,2,0.000167,0,0,0,1243,0,2,2,0,5,0.323461,0.355767,0
grant.masson,,7,1,1,2,0.000268,0.020029,0,0,1151,1,1,2,0,5,0.290884,0.305135,0
greg.krause,,8,1,1,2,0.000238,0.015202,0,0,1151,1,1,2,0,5,0.264507,0.276406,0
greg.mcmahon,,6,0,1,1,0.000167,0,0,0,1244,0,1,1,0,5,0.284988,0.29943,0
greg.piper,,1,5,5,10,0.001145,0.142548,0,0,1151,5,5,10,0.566667,4,0.358266,0.384041,2262.818454
jeffrey.shankman,,0,8,8,16,0.001476,0.2321,0,0,1151,8,8,16,0.472727,4,0.356725,0.390429,12176.295845
jennifer.mcquade,,1,1,3,4,0.0009,0.035965,0,0,1151,1,3,4,0.833333,5,0.325435,0.338565,237.51076
jim.fallon,,0,6,6,12,0.001217,0.179882,0,0,1151,6,6,12,0.597222,4,0.351883,0.38163,5126.942592
john.arnold,,1,7,5,12,0.001421,0.220981,0,0,1151,7,5,12,0.547619,4,0.332106,0.351736,7096.538415
john.sherriff,,2,10,6,16,0.001636,0.304112,0,0,1151,10,6,16,0.655556,4,0.344347,0.365518,6583.656882
mark.frevert,,6,8,0,8,0.001487,0.249215,0,0,10,8,0,8,0.607143,0,0,0,0
michelle.nelson,,1,1,0,1,0.0009,0.035965,0,0,9,1,0,1,0,0,0,0,0
greg.wolfe,,4,3,1,4,0.000387,0.102777,0,0,1151,3,1,4,0.833333,5,0.279703,0.29055,0
gregg.penman,,8,1,1,2,0.000238,0.015202,0,0,1151,1,1,2,0,5,0.264507,0.276406,0
gretchen.jennings,,0,0,1,1,0.000167,0,0,0,1245,0,1,1,0,6,0.234941,0.245373,0
guillermo.canovas,,6,1,1,2,0.000239,0.037334,0,0,1151,1,1,2,0,5,0.284929,0.299333,0
gus.perez,,6,1,4,5,0.000239,0.037334,0,0,1151,1,4,5,0.916667,4,0.319323,0.346553,312.245925
gwyn.koepke,,6,1,4,5,0.000268,0.020029,0,0,1151,1,4,5,0.5,4,0.36057,0.388139,0
hai.chen,,4,1,1,2,0.000194,0.027855,0,0,1151,1,1,2,0,5,0.279064,0.287898,102.30382
hall,,4,2,3,5,0.00031,0.061492,0,0,1151,2,3,5,0.666667,4,0.312726,0.332329,44.416907
hap.boyd,,6,1,1,2,0.000225,0.031248,0,0,1151,1,1,2,0,4,0.289665,0.305489,0
harry.collins,,5,2,2,4,0.000379,0.070231,0,0,1151,2,2,4,1,5,0.273362,0.293812,0
harry.grubbs,,6,0,1,1,0.000167,0,0,0,1246,0,1,1,0,4,0.299509,0.312771,0
harry.kingerski,,6,3,4,7,0.000392,0.110342,0,0,1151,3,4,7,1,4,0.31611,0.341771,0
harry.woodson,,0,0,1,1,0.000167,0,0,0,1247,0,1,1,0,5,0.270923,0.285534,0
hayden,,1,0,1,1,0.000167,0,0,0,1248,0,1,1,0,5,0.295921,0.310948,0
heather.choate,,1,1,2,3,0.000194,0.027855,0,0,1151,1,2,3,0.5,5,0.306171,0.338902,0
heather.dunton,,4,1,1,2,0.000252,0.030244,0,0,1151,1,1,2,0,5,0.279703,0.29055,0
hector.campos,,7,1,1,2,0.000268,0.020029,0,0,1151,1,1,2,0,5,0.290884,0.305135,0
hector.mcloughlin,,4,2,1,3,0.000257,0.042629,0,0,1151,2,1,3,0,5,0.303972,0.334804,985.094235
heidi.mason,,3,1,1,2,0.000194,0.027855,0,0,1151,1,1,2,0,5,0.303972,0.334804,0
henry.means,,6,0,3,3,0.000167,0,0,0,1249,0,3,3,1,4,0.311188,0.333976,0
herman.manis,,8,1,1,2,0.000238,0.015202,0,0,1151,1,1,2,0,5,0.264507,0.276406,0
herndon,,1,0,1,1,0.000167,0,0,0,1250,0,1,1,0,5,0.295921,0.310948,0
holly.heath,,3,0,1,1,0.000167,0,0,0,1251,0,1,1,0,5,0.304029,0.334884,0
holly.keiser,,4,3,8,11,0.000495,0.099078,0,0,1151,3,8,11,0.482143,4,0.320507,0.351374,2019.656293
homer.lin,,5,0,1,1,0.000167,0,0,0,1252,0,1,1,0,5,0.267018,0.279133,0
howard.fromer,,1,2,6,8,0.000297,0.068582,0,0,1151,2,6,8,0.8,4,0.359757,0.380264,0
hunter.shively,,1,3,3,6,0.000489,0.077632,0,0,1151,3,3,6,0.75,4,0.324671,0.340084,1037.154073
iain.russell,,7,0,1,1,0.000167,0,0,0,1253,0,1,1,0,5,0.290942,0.305229,0
ina.rangel,,1,1,1,2,0.000194,0.027855,0,0,1151,1,1,2,0.5,5,0.245647,0.254267,0
information.management,,7,3,1,4,0.000428,0.083073,0,0,1151,3,1,4,0.166667,5,0.290884,0.305135,1768.453136
inja.chun,,3,0,1,1,0.000167,0,0,0,1254,0,1,1,0,5,0.304029,0.334884,0
iona.maclean,,1,0,1,1,0.000167,0,0,0,1255,0,1,1,0,5,0.248443,0.254361,0
ipayit,,4,0,1,1,0.000167,0,0,0,1256,0,1,1,0,5,0.25889,0.266426,0
iris.mack,,7,1,1,2,0.000268,0.020029,0,0,1151,1,1,2,0,5,0.290884,0.305135,0
j..edison,,1,0,2,2,0.000167,0,0,0,1257,0,2,2,0.5,5,0.272095,0.282418,0
j..kean,,0,5,8,13,0.000451,0.130678,0,0,1151,5,8,13,0.533333,4,0.360821,0.380786,4587.785043
j..noske,,6,1,2,3,0.000239,0.037334,0,0,1151,1,2,3,1,4,0.299538,0.319873,0
j.metts,,6,1,1,2,0.000261,0.04176,0,0,1151,1,1,2,0,4,0.299451,0.312681,0
jackie.gentle,,6,1,1,2,0.000261,0.04176,0,0,1151,1,1,2,0,4,0.299451,0.312681,0
jaime.williams,,5,0,3,3,0.000167,0,0,0,1258,0,3,3,0.666667,5,0.332266,0.348161,0
james.bouillion,,7,1,1,2,0.000268,0.020029,0,0,1151,1,1,2,0,5,0.290884,0.305135,0
james.brown,,3,0,1,1,0.000167,0,0,0,1259,0,1,1,0,5,0.304029,0.334884,0
james.bruce,,4,0,2,2,0.000167,0,0,0,1260,0,2,2,0,5,0.297448,0.313382,0
james.centilli,,0,1,1,2,0.000304,0.007465,0,0,1151,1,1,2,0,6,0.234881,0.245251,0
james.derrick,,2,3,2,5,0.000538,0.089162,0,0,1151,3,2,5,0.5,4,0.305269,0.314529,123.812742
james.foster,,6,1,1,2,0.000225,0.031248,0,0,1151,1,1,2,0,4,0.289665,0.305489,0
james.grace,,8,0,1,1,0.000167,0,0,0,1261,0,1,1,0,5,0.25876,0.267173,0
james.hungerford,,1,0,1,1,0.000167,0,0,0,1262,0,1,1,0,5,0.245649,0.254265,0
james.keller,,4,1,1,2,0.000246,0.035042,0,0,1151,1,1,2,1,5,0.279026,0.287858,0
james.new,,3,1,1,2,0.000194,0.027855,0,0,1151,1,1,2,0,5,0.303972,0.334804,0
james.saunders,,0,2,1,3,0.000356,0.019747,0,0,1151,2,1,3,1,6,0.234881,0.245251,0
james.scribner,,3,1,1,2,0.000194,0.027855,0,0,1151,1,1,2,0,5,0.303972,0.334804,0
james.steffes,,4,5,10,15,0.000529,0.152868,0,0,1151,5,10,15,0.655556,4,0.384573,0.406099,4162.466003
james.studdert,,8,0,1,1,0.000167,0,0,0,1263,0,1,1,0,5,0.264567,0.276514,0
james.studebaker,,0,1,1,2,0.000219,0.012282,0,0,1151,1,1,2,0,5,0.270863,0.285431,0
jan.cobden,,0,0,1,1,0.000167,0,0,0,1264,0,1,1,0,5,0.255983,0.265325,0
jan.cooley,,4,0,2,2,0.000167,0,0,0,1265,0,2,2,0,4,0.297662,0.31498,0
jan.moore,,0,0,1,1,0.000167,0,0,0,1266,0,1,1,0,5,0.270923,0.285534,0
jane.allen,,4,1,1,2,0.000229,0.014775,0,0,1151,1,1,2,0,5,0.304061,0.334924,985.094235
jane.mcbride,,5,3,3,6,0.00055,0.094663,0,0,1151,3,3,6,0.666667,5,0.279703,0.303857,259.044435
jane.wilson,,0,2,1,3,0.000313,0.054042,0,0,1151,2,1,3,1,4,0.299451,0.312681,0
janelle.scheuer,,5,3,2,5,0.000434,0.079091,0,0,1151,3,2,5,0.666667,5,0.27646,0.298875,255.210844
janet.butler,,0,1,5,6,0.000219,0.012282,0,0,1151,1,5,6,0.65,4,0.315293,0.340043,0
janet.dietrich,,2,8,4,12,0.000826,0.225429,0,0,1151,8,4,12,0.5,4,0.339332,0.357803,2389.634009
janice.christianson,,1,0,1,1,0.000167,0,0,0,1267,0,1,1,0,5,0.295921,0.310948,0
janine.juggins,,1,2,2,4,0.000373,0.073334,0,0,1151,2,2,4,0.666667,5,0.274448,0.292285,314.553269
janine.migden,,6,3,3,6,0.000392,0.110342,0,0,1151,3,3,6,1,4,0.311131,0.333896,0
jared.kaiser,,1,1,1,2,0.000311,0.016318,0,0,1151,1,1,2,0,5,0.245589,0.254147,0
jarrod.cyprow,,5,3,2,5,0.00039,0.091743,0,0,1151,3,2,5,0.333333,5,0.27646,0.298875,835.284608
jason.peters,,5,3,1,4,0.000495,0.099078,0,0,1151,3,1,4,1,5,0.266958,0.279026,0
jason.sokolov,,7,1,1,2,0.000268,0.020029,0,0,1151,1,1,2,0,5,0.290884,0.305135,0
jason.williams,,5,3,1,4,0.00039,0.091743,0,0,1151,3,1,4,0.333333,5,0.26641,0.280456,452.278417
jay.webb,,1,2,3,5,0.000337,0.079529,0,0,1151,2,3,5,0.666667,4,0.322852,0.337191,495.617323
jean.mcfarland,,0,0,1,1,0.000167,0,0,0,1268,0,1,1,0,5,0.270923,0.285534,0
jean.ryall,,6,3,2,5,0.000392,0.110342,0,0,1151,3,2,5,1,4,0.304731,0.322485,0
jeanie.slone,,4,4,2,6,0.000548,0.105825,0,0,1151,4,2,6,0.55,4,0.322701,0.336789,996.780242
jeannie.mandelker,,6,2,3,5,0.000319,0.073008,0,0,1151,2,3,5,1,4,0.311131,0.333896,0
jeff.blumenthal,,8,3,3,6,0.000487,0.079238,0,0,1151,3,3,6,0.666667,5,0.279703,0.303857,303.927736
jeff.brown,,0,3,4,7,0.000386,0.091376,0,0,1151,3,4,7,0.75,4,0.313577,0.33699,355.800871
acomnes,,6,1,0,1,0.000225,0.031248,0,0,410,1,0,1,0,0,0,0,0
angela.schwarz,,6,1,0,1,0.000225,0.031248,0,0,409,1,0,1,0,0,0,0,0
b..sanders,,6,2,0,2,0.000287,0.046022,0,0,300,2,0,2,0,0,0,0,0
ban.sharma,,6,1,0,1,0.000225,0.031248,0,0,408,1,0,1,0,0,0,0,0
barbara.hueter,,6,3,0,3,0.000392,0.110342,0,0,407,3,0,3,1,0,0,0,0
beverly.aden,,2,2,0,2,0.000263,0.048862,0,0,126,2,0,2,0,0,0,0,0
bill.votaw,,6,1,0,1,0.000225,0.031248,0,0,406,1,0,1,0,0,0,0,0
brenda.barreda,,6,1,0,1,0.000225,0.031248,0,0,405,1,0,1,0,0,0,0,0
carol.moffett,,6,1,0,1,0.000225,0.031248,0,0,404,1,0,1,0,0,0,0,0
catherine.woods,,6,1,0,1,0.000225,0.031248,0,0,403,1,0,1,0,0,0,0,0
cathy.corbin,,6,1,0,1,0.000225,0.031248,0,0,402,1,0,1,0,0,0,0,0
cherry,,6,1,0,1,0.000225,0.031248,0,0,401,1,0,1,0,0,0,0,0
chris.calger,,6,1,0,1,0.000225,0.031248,0,0,400,1,0,1,0,0,0,0,0
chris.holmes,,6,1,0,1,0.000225,0.031248,0,0,399,1,0,1,0,0,0,0,0
christina.liscano,,6,1,0,1,0.000225,0.031248,0,0,398,1,0,1,0,0,0,0,0
craig.sutter,,6,1,0,1,0.000225,0.031248,0,0,397,1,0,1,0,0,0,0,0
david.leboe,,6,1,0,1,0.000225,0.031248,0,0,396,1,0,1,0,0,0,0,0
debora.whitehead,,6,1,0,1,0.000225,0.031248,0,0,395,1,0,1,0,0,0,0,0
dennis.benevides,,6,2,0,2,0.000319,0.073008,0,0,394,2,0,2,1,0,0,0,0
donald.black,,6,1,0,1,0.000225,0.031248,0,0,393,1,0,1,0,0,0,0,0
douglas.condon,,6,2,0,2,0.000319,0.073008,0,0,392,2,0,2,1,0,0,0,0
douglas.huth,,6,1,0,1,0.000225,0.031248,0,0,391,1,0,1,0,0,0,0,0
eric.melvin,,6,1,0,1,0.000225,0.031248,0,0,390,1,0,1,0,0,0,0,0
erika.dupre,,6,1,0,1,0.000225,0.031248,0,0,389,1,0,1,0,0,0,0,0
evan.hughes,,6,1,0,1,0.000225,0.031248,0,0,388,1,0,1,0,0,0,0,0
f..herod,,6,1,0,1,0.000225,0.031248,0,0,387,1,0,1,0,0,0,0,0
fran.deltoro,,6,1,0,1,0.000225,0.031248,0,0,386,1,0,1,0,0,0,0,0
gayle.muench,,6,1,0,1,0.000225,0.031248,0,0,385,1,0,1,0,0,0,0,0
george.waidelich,,6,1,0,1,0.000225,0.031248,0,0,384,1,0,1,0,0,0,0,0
gordon.savage,,6,1,0,1,0.000225,0.031248,0,0,383,1,0,1,0,0,0,0,0
harold.buchanan,,6,2,0,2,0.000319,0.073008,0,0,382,2,0,2,1,0,0,0,0
iris.waser,,6,1,0,1,0.000225,0.031248,0,0,381,1,0,1,0,0,0,0,0
jalamo,,6,1,0,1,0.000225,0.031248,0,0,380,1,0,1,0,0,0,0,0
james.d.steffes,,6,1,0,1,0.000225,0.031248,0,0,379,1,0,1,0,0,0,0,0
james.lewis,,6,1,0,1,0.000225,0.031248,0,0,378,1,0,1,0,0,0,0,0
james.wright,,6,1,0,1,0.000225,0.031248,0,0,377,1,0,1,0,0,0,0,0
jdasovic,,6,1,0,1,0.000225,0.031248,0,0,376,1,0,1,0,0,0,0,0
jeff.messina,,6,1,0,1,0.000225,0.031248,0,0,375,1,0,1,0,0,0,0,0
jeff.richter,,1,3,0,3,0.000387,0.102777,0,0,374,3,0,3,0.833333,0,0,0,0
jeffery.fawcett,,0,2,3,5,0.000277,0.04353,0,0,1151,2,3,5,0.666667,4,0.299322,0.322485,625.440962
jeffrey.soo,,6,1,1,2,0.000225,0.031248,0,0,1151,1,1,2,0,4,0.289665,0.305489,0
jennifer.rudolph,,6,2,1,3,0.000319,0.073008,0,0,1151,2,1,3,1,4,0.289665,0.305489,0
jennifer.thome,,6,2,2,4,0.000297,0.068582,0,0,1151,2,2,4,1,4,0.299538,0.319873,0
jeremy.blachman,,2,2,0,2,0.000313,0.047875,0,0,133,2,0,2,0,0,0,0,0
jess.hewitt,,6,1,0,1,0.000225,0.031248,0,0,373,1,0,1,0,0,0,0,0
john.neslage,,6,1,2,3,0.000225,0.031248,0,0,1151,1,2,3,1,4,0.299538,0.319873,0
joseph.alamo,,4,2,4,6,0.000297,0.068582,0,0,1151,2,4,6,1,4,0.31611,0.341771,0
jubran.whalan,,6,1,0,1,0.000225,0.031248,0,0,372,1,0,1,0,0,0,0,0
kathleen.magruder,,6,1,1,2,0.000225,0.031248,0,0,1151,1,1,2,0,4,0.289665,0.305489,0
kathryn.corbally,,2,3,2,5,0.000357,0.090622,0,0,1151,3,2,5,0.5,5,0.280612,0.292446,20.074931
kathy.bass,,6,1,0,1,0.000225,0.031248,0,0,371,1,0,1,0,0,0,0,0
kathy.dodgen,,1,1,4,5,0.000225,0.031248,0,0,1151,1,4,5,0.65,4,0.335707,0.351013,20.002955
kdenne,,6,1,0,1,0.000225,0.031248,0,0,370,1,0,1,0,0,0,0,0
kelly.higgason,,6,1,0,1,0.000225,0.031248,0,0,369,1,0,1,0,0,0,0,0
ken.gustafson,,6,1,0,1,0.000225,0.031248,0,0,368,1,0,1,0,0,0,0,0
kevin.hughes,,6,1,0,1,0.000225,0.031248,0,0,367,1,0,1,0,0,0,0,0
kevin.hyatt,,0,2,0,2,0.000277,0.04353,0,0,185,2,0,2,1,0,0,0,0
kevin.keeney,,6,1,0,1,0.000225,0.031248,0,0,366,1,0,1,0,0,0,0,0
kevin.mcgowan,,2,5,0,5,0.000447,0.153043,0,0,94,5,0,5,0.3,0,0,0,0
kortney.brown,,6,1,1,2,0.000225,0.031248,0,0,1151,1,1,2,0,4,0.289665,0.305489,0
kristin.walsh,,1,1,8,9,0.000225,0.031248,0,0,1151,1,8,9,0.75,4,0.371951,0.395773,475.928353
kurt.lindahl,,6,1,1,2,0.000225,0.031248,0,0,1151,1,1,2,0,4,0.289665,0.305489,0
laird.dyer,,6,1,1,2,0.000225,0.031248,0,0,1151,1,1,2,0,4,0.289665,0.305489,0
lamar.frazier,,6,1,0,1,0.000225,0.031248,0,0,365,1,0,1,0,0,0,0,0
lara.leibman,,6,2,3,5,0.000297,0.068582,0,0,1151,2,3,5,1,4,0.311131,0.333896,0
leasa.lopez,,6,1,0,1,0.000225,0.031248,0,0,364,1,0,1,0,0,0,0,0
leslie.lawner,,6,4,4,8,0.000444,0.122624,0,0,1151,4,4,8,0.916667,4,0.319323,0.346553,312.245925
leticia.botello,,6,1,2,3,0.000225,0.031248,0,0,1151,1,2,3,1,4,0.299538,0.319873,0
linda.noske,,4,1,11,12,0.000225,0.031248,1,0,1151,1,11,12,0.354545,4,0.369565,0.402282,5638.197226
linda.robertson,,2,4,4,8,0.000444,0.122624,0,0,1151,4,4,8,0.65,4,0.336743,0.355272,99.170313
lisa.yoho,,1,5,9,14,0.000481,0.140238,0,0,1151,5,9,14,0.544444,4,0.375793,0.398385,5904.925241
lora.sullivan,,2,2,4,6,0.000297,0.068582,0,0,1151,2,4,6,0.666667,4,0.336743,0.355272,20.074931
lynne.ruffer,,6,1,0,1,0.000225,0.031248,0,0,363,1,0,1,0,0,0,0,0
lysa.akin,,4,1,4,5,0.000225,0.031248,0,0,1151,1,4,5,1,4,0.31611,0.341771,0
m..landwehr,,6,2,2,4,0.000297,0.068582,0,0,1151,2,2,4,1,4,0.299538,0.319873,0
m..tholt,,6,1,1,2,0.000225,0.031248,0,0,1151,1,1,2,0,4,0.289665,0.305489,0
marchris.robinson,,6,2,1,3,0.000297,0.068582,0,0,1151,2,1,3,1,5,0.284929,0.299333,0
marcia.linton,,6,2,2,4,0.000319,0.073008,0,0,1151,2,2,4,1,4,0.299538,0.319873,0
marcie.milner,,6,2,1,3,0.000319,0.073008,0,0,1151,2,1,3,1,4,0.289665,0.305489,0
margaret.carson,,7,3,4,7,0.00042,0.093037,0,0,1151,3,4,7,0.666667,4,0.34168,0.363589,3194.606249
margo.reyna,,6,2,3,5,0.000297,0.068582,0,0,1151,2,3,5,1,4,0.311131,0.333896,0
mark.muller,,2,2,0,2,0.000313,0.047875,0,0,132,2,0,2,0,0,0,0,0
mark.palmer,,2,8,9,17,0.000723,0.241126,1,0,1151,8,9,17,0.372727,4,0.38062,0.403849,33648.049507
mark.schroeder,,6,3,3,6,0.000392,0.110342,0,0,1151,3,3,6,1,4,0.311131,0.333896,0
marsha.carson,,6,1,0,1,0.000225,0.031248,0,0,362,1,0,1,0,0,0,0,0
marsha.suggs,,6,1,0,1,0.000225,0.031248,0,0,361,1,0,1,0,0,0,0,0
martin.wenzel,,6,2,0,2,0.000319,0.073008,0,0,360,2,0,2,1,0,0,0,0
marty.sunde,,1,4,6,10,0.000445,0.107249,0,0,1151,4,6,10,0.666667,4,0.35648,0.374839,806.822719
mary.hain,,2,5,10,15,0.000529,0.152868,0,0,1151,5,10,15,0.533333,4,0.38069,0.40168,4139.853704
mary.schoen,,6,1,3,4,0.000225,0.031248,0,0,1151,1,3,4,1,4,0.311131,0.333896,0
maureen.mcvicker,,0,3,13,16,0.000392,0.110342,0,0,1151,3,13,16,0.50641,4,0.377159,0.401599,519.344156
mercy.gil,,6,1,1,2,0.000225,0.031248,0,0,1151,1,1,2,0,5,0.269876,0.287946,1427.760652
meredith.eggleston,,6,1,0,1,0.000225,0.031248,0,0,359,1,0,1,0,0,0,0,0
michael.etringer,,5,2,2,4,0.000341,0.060094,0,0,1151,2,2,4,0.333333,4,0.310619,0.329878,3045.47432
michael.mann,,2,1,1,2,0.000225,0.031248,0,0,1151,1,1,2,0,5,0.280157,0.291442,20.074931
michael.mcdonald,,1,2,0,2,0.000315,0.075735,0,0,358,2,0,2,0.5,0,0,0,0
michael.smith,,6,1,0,1,0.000225,0.031248,0,0,357,1,0,1,0,0,0,0,0
michelle.cisneros,,7,2,0,2,0.000326,0.051277,0,0,356,2,0,2,0,0,0,0,0
michelle.hargrave,,6,1,0,1,0.000225,0.031248,0,0,355,1,0,1,0,0,0,0,0
mike,,6,1,0,1,0.000225,0.031248,0,0,354,1,0,1,0,0,0,0,0
mike.smith,,4,2,6,8,0.000277,0.04353,0,0,1151,2,6,8,0.666667,4,0.334462,0.358928,984.623656
miyung.buster,,0,2,4,6,0.000319,0.073008,0,0,1151,2,4,6,0.916667,4,0.319323,0.346553,0
mona.petrochko,,6,3,3,6,0.000392,0.110342,0,0,1151,3,3,6,1,4,0.311131,0.333896,0
mpalmer,,6,2,0,2,0.000297,0.068582,0,0,353,2,0,2,1,0,0,0,0
neil.bresnan,,6,1,0,1,0.000225,0.031248,0,0,352,1,0,1,0,0,0,0,0
neil.hong,,6,1,0,1,0.000225,0.031248,0,0,351,1,0,1,0,0,0,0,0
palmer,,1,4,2,6,0.000476,0.129697,0,0,1151,4,2,6,0.6,5,0.280346,0.292044,77.625627
pat.shortridge,,6,2,2,4,0.000297,0.068582,0,0,1151,2,2,4,1,4,0.299538,0.319873,0
paul.kaufman,,4,4,3,7,0.000477,0.140586,0,0,1151,4,3,7,1,4,0.311131,0.333896,0
paula.warren,,6,1,0,1,0.000225,0.031248,0,0,350,1,0,1,0,0,0,0,0
peggy.mahoney,,6,2,3,5,0.000319,0.073008,0,0,1151,2,3,5,1,4,0.311131,0.333896,0
phillip.allen,,1,5,5,10,0.000626,0.160855,0,0,1151,5,5,10,0.666667,4,0.348747,0.371906,17839.59541
ray.alvarez,,0,4,8,12,0.000556,0.120601,0,0,1151,4,8,12,0.694444,4,0.365849,0.3883,2046.297123
ricardo.charvel,,6,3,2,5,0.000392,0.110342,0,0,1151,3,2,5,1,4,0.304731,0.322485,0
richard.leibert,,8,3,0,3,0.000369,0.083784,0,0,237,3,0,3,0.333333,0,0,0,0
richard.zdunkewicz,,7,1,1,2,0.000225,0.031248,0,0,1151,1,1,2,0,5,0.290965,0.305256,475.928353
rita.hennessy,,6,1,0,1,0.000225,0.031248,0,0,349,1,0,1,0,0,0,0,0
rob.bradley,,2,3,4,7,0.000371,0.08529,0,0,1151,3,4,7,0.65,4,0.336743,0.355272,99.170313
robert.badeer,,1,4,2,6,0.000482,0.144537,0,0,1151,4,2,6,0.833333,4,0.295147,0.314609,619.891744
robert.frank,,6,3,3,6,0.000392,0.110342,0,0,1151,3,3,6,1,4,0.311131,0.333896,0
robert.hemstock,,4,3,6,9,0.000392,0.110342,0,0,1151,3,6,9,0.866667,4,0.353744,0.376647,20.002955
robert.neustaedter,,0,3,3,6,0.000349,0.080864,0,0,1151,3,3,6,0.916667,4,0.311131,0.333896,0
robert.williams,,4,2,6,8,0.000319,0.073008,0,0,1151,2,6,8,0.6,4,0.330413,0.352821,156.40941
roger.ponce,,6,1,0,1,0.000225,0.031248,0,0,348,1,0,1,0,0,0,0,0
roger.yang,,4,2,4,6,0.000319,0.073008,0,0,1151,2,4,6,1,4,0.31611,0.341771,0
rosalee.fleming,,0,4,13,17,0.00043,0.127956,1,0,1151,4,13,17,0.448718,4,0.407786,0.434788,9569.002726
rosalinda.tijerina,,6,1,0,1,0.000225,0.031248,0,0,347,1,0,1,0,0,0,0,0
rshapiro,,6,1,0,1,0.000225,0.031248,0,0,346,1,0,1,0,0,0,0,0
rubena.buerger,,6,2,0,2,0.000297,0.068582,0,0,345,2,0,2,1,0,0,0,0
samuel.wehn,,6,1,0,1,0.000225,0.031248,0,0,344,1,0,1,0,0,0,0,0
sandra.mccubbin,,6,3,3,6,0.000392,0.110342,0,0,1151,3,3,6,1,4,0.311131,0.333896,0
sarah.novosel,,1,4,9,13,0.000444,0.122624,0,0,1151,4,9,13,0.638889,4,0.383152,0.404331,2278.760624
scott,,6,1,0,1,0.000225,0.031248,0,0,343,1,0,1,0,0,0,0,0
scott.bolton,,6,3,3,6,0.000392,0.110342,0,0,1151,3,3,6,1,4,0.311131,0.333896,0
scott.gahn,,6,1,0,1,0.000225,0.031248,0,0,342,1,0,1,0,0,0,0,0
scott.stoness,,6,2,1,3,0.000319,0.073008,0,0,1151,2,1,3,1,4,0.289665,0.305489,0
sharon.dick,,6,1,0,1,0.000225,0.031248,0,0,341,1,0,1,0,0,0,0,0
simon.shih,,6,1,1,2,0.000225,0.031248,0,0,1151,1,1,2,1,4,0.299495,0.312761,0
skean,,6,3,0,3,0.000392,0.110342,0,0,340,3,0,3,1,0,0,0,0
smara,,6,1,0,1,0.000225,0.031248,0,0,339,1,0,1,0,0,0,0,0
smccubbi,,6,1,0,1,0.000225,0.031248,0,0,338,1,0,1,0,0,0,0,0
stephen.swain,,4,2,3,5,0.00031,0.061492,0,0,1151,2,3,5,1,4,0.304195,0.327829,0
steve.kean,,6,1,0,1,0.000225,0.031248,0,0,337,1,0,1,0,0,0,0,0
steve.montovano,,8,4,1,5,0.000464,0.125544,0,0,1151,4,1,5,0.5,5,0.284929,0.299333,784.665572
steve.swain,,6,1,1,2,0.000225,0.031248,0,0,1151,1,1,2,0,4,0.289665,0.305489,0
steve.walker,,6,1,0,1,0.000225,0.031248,0,0,336,1,0,1,0,0,0,0,0
steve.walton,,6,2,3,5,0.000297,0.068582,0,0,1151,2,3,5,1,4,0.311131,0.333896,0
steven.harris,,0,4,0,4,0.000579,0.061254,0,0,41,4,0,4,0.666667,0,0,0,0
steven.j.kean,,6,1,0,1,0.000225,0.031248,0,0,335,1,0,1,0,0,0,0,0
stuart.staley,,2,2,0,2,0.000263,0.048862,0,0,67,2,0,2,0,0,0,0,0
sue.nord,,6,3,2,5,0.000392,0.110342,0,0,1151,3,2,5,1,4,0.299538,0.319873,0
susan.j.mara,,6,1,0,1,0.000225,0.031248,0,0,334,1,0,1,0,0,0,0,0
susan.landwehr,,6,2,3,5,0.000319,0.073008,0,0,1151,2,3,5,1,4,0.311131,0.333896,0
susan.mara,,1,5,7,12,0.000529,0.152868,0,0,1151,5,7,12,0.714286,4,0.364179,0.38605,1365.636381
tamara.johnson,,6,1,1,2,0.000225,0.031248,0,0,1151,1,1,2,0,4,0.289665,0.305489,0
tanya.leslie,,6,1,0,1,0.000225,0.031248,0,0,333,1,0,1,0,0,0,0,0
tasha.lair,,6,1,0,1,0.000225,0.031248,0,0,332,1,0,1,0,0,0,0,0
ted.murphy,,2,7,4,11,0.000772,0.205461,0,0,1151,7,4,11,0.309524,4,0.341287,0.373674,18201.499575
terri.greenlee,,6,1,0,1,0.000225,0.031248,0,0,331,1,0,1,0,0,0,0,0
thompson,,6,1,0,1,0.000225,0.031248,0,0,330,1,0,1,0,0,0,0,0
tom.briggs,,5,4,4,8,0.000444,0.122624,0,0,1151,4,4,8,0.55,4,0.331045,0.35483,2999.37012
tom.riley,,6,1,0,1,0.000225,0.031248,0,0,329,1,0,1,0,0,0,0,0
tony.spruiell,,6,1,0,1,0.000225,0.031248,0,0,328,1,0,1,0,0,0,0,0
tracy.cooper,,6,1,1,2,0.000225,0.031248,0,0,1151,1,1,2,0,4,0.289665,0.305489,0
triley,,6,1,0,1,0.000225,0.031248,0,0,327,1,0,1,0,0,0,0,0
twanda.sweet,,4,2,10,12,0.000287,0.046022,0,0,1151,2,10,12,0.677778,4,0.375793,0.397139,1748.553746
vladimir.gorny,,2,5,3,8,0.000633,0.179935,0,0,1151,5,3,8,0.666667,4,0.328997,0.344624,1362.878137
w..cantrell,,6,2,3,5,0.000297,0.068582,0,0,1151,2,3,5,0.333333,4,0.304195,0.327065,770.622716
wade.stubblefield,,6,1,1,2,0.000225,0.031248,0,0,1151,1,1,2,0,5,0.304061,0.334924,2531.063453
wanda.curry,,2,4,2,6,0.000493,0.122018,0,0,1151,4,2,6,0.416667,4,0.346302,0.375804,7719.231506
wgang,,6,1,0,1,0.000225,0.031248,0,0,26,1,0,1,0,0,0,0,0
william.gang,,6,1,1,2,0.000225,0.031248,0,0,1151,1,1,2,0,4,0.289665,0.305489,0
jeff.gilliam,,8,0,1,1,0.000167,0,0,0,1269,0,1,1,0,5,0.25876,0.267173,0
jeff.johnson,,3,0,1,1,0.000167,0,0,0,1270,0,1,1,0,5,0.304029,0.334884,0
jeff.mcclellan,,2,0,1,1,0.000167,0,0,0,1271,0,1,1,0,5,0.28014,0.291422,0
jeff.nogid,,5,1,1,2,0.000283,0.028847,0,0,1151,1,1,2,0,5,0.26641,0.280456,0
brian.stanley,,2,1,0,1,0.000486,0.013422,0,0,79,1,0,1,0,0,0,0,0
bvotaw,,2,1,0,1,0.000486,0.013422,0,0,78,1,0,1,0,0,0,0,0
hgutier,,2,1,0,1,0.000486,0.013422,0,0,77,1,0,1,0,0,0,0,0
joe.kishkill,,2,2,0,2,0.000564,0.054707,0,0,76,2,0,2,0,0,0,0,0
ken.rice,,2,5,0,5,0.000808,0.109453,0,0,75,5,0,5,0.55,0,0,0,0
rebecca.carter,,2,2,0,2,0.000524,0.031036,0,0,74,2,0,2,0.5,0,0,0,0
robert.hayes,,2,2,1,3,0.000538,0.025705,0,0,1151,2,1,3,0,5,0.270863,0.285431,1496.124231
sherri.sera,,0,4,11,15,0.000709,0.103066,0,0,1151,4,11,15,0.484848,4,0.365334,0.386974,8647.501679
jeff.smith,,2,0,2,2,0.000167,0,0,0,1272,0,2,2,1,4,0.327081,0.356908,0
jefferson.sorenson,,5,4,3,7,0.000523,0.126932,0,0,1151,4,3,7,0.5,5,0.333012,0.367189,9050.336534
jeffrey.gossett,,1,2,1,3,0.000272,0.069139,0,0,1151,2,1,3,1,5,0.303972,0.334804,0
jeffrey.keeler,,0,2,5,7,0.000313,0.054042,0,0,1151,2,5,7,0.65,4,0.342697,0.364031,848.559848
jeffrey.mcmahon,,2,5,1,6,0.00056,0.125012,0,0,1151,5,1,6,0.6,5,0.248443,0.254364,0
jeffrey.sherrick,,2,1,2,3,0.000255,0.016627,0,0,1151,1,2,3,0,5,0.280574,0.292366,8.202832
jeffrey.snyder,,1,0,2,2,0.000167,0,0,0,1273,0,2,2,1,5,0.31511,0.326313,0
jennifer.burns,,7,2,3,5,0.000306,0.037643,0,0,1151,2,3,5,0.5,4,0.312632,0.331847,223.202618
jennifer.denny,,5,2,1,3,0.000327,0.063044,0,0,1151,2,1,3,0.333333,5,0.269841,0.287906,383.006192
jennifer.fraser,,5,2,3,5,0.00032,0.046461,0,0,1151,2,3,5,0.25,4,0.327233,0.35045,4984.887296
jenny.helton,,8,0,5,5,0.000167,0,0,0,1274,0,5,5,0.5,4,0.30759,0.329036,0
jenny.rub,,1,4,1,5,0.000375,0.102238,0,0,1151,4,1,5,0.5,5,0.303972,0.334804,6727.151505
jerry.graves,,0,0,1,1,0.000167,0,0,0,1275,0,1,1,0,5,0.270923,0.285534,0
jerry.peters,,0,1,1,2,0.000304,0.007465,0,0,1151,1,1,2,0,6,0.234881,0.245251,0
jill.chatterton,,4,0,1,1,0.000167,0,0,0,1276,0,1,1,0,5,0.279763,0.290651,0
jim.armogida,,5,1,1,2,0.000283,0.028847,0,0,1151,1,1,2,0,5,0.26641,0.280456,0
jim.piro,,0,1,1,2,0.000304,0.007465,0,0,1151,1,1,2,0,6,0.234881,0.245251,0
jimmy.mogal,,6,0,1,1,0.000167,0,1,0,1277,0,1,1,0,4,0.299509,0.312771,0
jo.hill,,6,0,1,1,0.000167,0,0,0,1278,0,1,1,0,5,0.284988,0.29943,0
joan.stransky,,6,1,3,4,0.000239,0.037334,0,0,1151,1,3,4,1,4,0.311131,0.333896,0
joan.veselack,,1,0,1,1,0.000167,0,0,0,1279,0,1,1,0,5,0.245649,0.254265,0
joanne.rozycki,,5,1,2,3,0.000283,0.028847,0,0,1151,1,2,3,0,5,0.279176,0.296336,324.786058
joannie.williamson,,0,1,11,12,0.000261,0.04176,0,0,1151,1,11,12,0.522727,4,0.397394,0.423779,2447.431576
jody.crook,,3,1,1,2,0.000194,0.027855,0,0,1151,1,1,2,0,5,0.303972,0.334804,0
joe.connor,,6,1,1,2,0.000239,0.037334,0,0,1151,1,1,2,1,4,0.299495,0.312761,0
joe.hillings,,2,2,3,5,0.000334,0.079094,0,0,1151,2,3,5,0.666667,4,0.329416,0.344102,0
joel.ephross,,5,1,1,2,0.000283,0.028847,0,0,1151,1,1,2,0,5,0.26641,0.280456,0
john.ale,,0,0,1,1,0.000167,0,0,0,1280,0,1,1,0,6,0.234941,0.245373,0
john.allario,,5,1,1,2,0.000246,0.035042,0,0,1151,1,1,2,0,5,0.269806,0.287825,0
john.allison,,2,0,5,5,0.000167,0,0,0,1281,0,5,5,0.8,4,0.35458,0.381325,0
john.ambler,,6,1,2,3,0.000261,0.04176,0,0,1151,1,2,3,1,4,0.304731,0.322485,0
john.buchanan,,0,1,1,2,0.000219,0.012282,0,0,1151,1,1,2,0,5,0.270863,0.285431,0
john.goodpasture,,0,2,4,6,0.00032,0.032312,0,0,1151,2,4,6,0.5,4,0.323557,0.342093,8894.961114
john.gordon,,8,0,1,1,0.000167,0,0,0,1282,0,1,1,0,5,0.25876,0.267173,0
john.greene,,5,1,1,2,0.000283,0.028847,0,0,1151,1,1,2,0,5,0.26641,0.280456,0
john.hardy,,0,3,3,6,0.000361,0.106949,0,0,1151,3,3,6,0.4,4,0.324468,0.336387,1051.8228
john.keiser,,0,1,1,2,0.000304,0.007465,0,0,1151,1,1,2,0,6,0.234881,0.245251,0
andrea.ring,,1,2,0,2,0.000388,0.057603,0,0,494,2,0,2,1,0,0,0,0
andrew.lewis,,1,2,0,2,0.000388,0.057603,0,0,493,2,0,2,1,0,0,0,0
angela.mcculloch,,1,1,0,1,0.000244,0.041285,1,0,1009,1,0,1,0,0,0,0,0
berney.aucoin,,1,2,0,2,0.000272,0.069139,0,0,852,2,0,2,1,0,0,0,0
bill.iii,,1,2,0,2,0.000329,0.071529,0,0,951,2,0,2,1,0,0,0,0
bob.crane,,1,2,0,2,0.000272,0.069139,0,0,848,2,0,2,1,0,0,0,0
brad.mckay,,1,3,0,3,0.000416,0.085458,0,0,491,3,0,3,0.833333,0,0,0,0
brad.mcsherry,,7,2,0,2,0.000346,0.061314,0,0,1008,2,0,2,1,0,0,0,0
brett.wiggs,,8,2,0,2,0.000316,0.056487,0,0,277,2,0,2,0,0,0,0,0
c.thompson,,1,1,0,1,0.000244,0.041285,0,0,1007,1,0,1,0,0,0,0,0
carl.tricoli,,8,4,0,4,0.000435,0.128829,0,0,276,4,0,4,0.5,0,0,0,0
chad.clark,,1,1,0,1,0.000244,0.041285,0,0,1006,1,0,1,0,0,0,0,0
chris.gaskill,,1,3,0,3,0.000479,0.10209,0,0,489,3,0,3,0.833333,0,0,0,0
cliff.lawrick,,1,2,0,2,0.000272,0.069139,0,0,814,2,0,2,1,0,0,0,0
clint.dean,,1,2,0,2,0.000272,0.069139,0,0,813,2,0,2,1,0,0,0,0
d..baughman,,1,2,0,2,0.000335,0.085772,0,0,972,2,0,2,1,0,0,0,0
dana.davis,,1,3,0,3,0.000363,0.113627,0,0,803,3,0,3,1,0,0,0,0
david.duran,,2,4,0,4,0.000496,0.139733,0,0,135,4,0,4,0.833333,0,0,0,0
david.redmond,,1,1,0,1,0.000244,0.041285,0,0,1005,1,0,1,0,0,0,0,0
derek.davies,,1,3,0,3,0.000414,0.120814,0,0,968,3,0,3,0.666667,0,0,0,0
don.baughman,,1,2,0,2,0.000272,0.069139,0,0,791,2,0,2,1,0,0,0,0
edward.baughman,,1,1,0,1,0.000244,0.041285,0,0,1004,1,0,1,0,0,0,0,0
eric.bass,,1,2,0,2,0.000272,0.069139,0,0,782,2,0,2,1,0,0,0,0
eric.saibi,,1,2,0,2,0.000272,0.069139,0,0,780,2,0,2,1,0,0,0,0
frank.ermis,,1,2,0,2,0.000272,0.069139,0,0,768,2,0,2,1,0,0,0,0
fred.lagrasta,,7,7,0,7,0.000803,0.213863,0,0,482,7,0,7,0.452381,0,0,0,0
gary.hickerson,,2,5,0,5,0.000587,0.124402,0,0,108,5,0,5,0.4,0,0,0,0
gautam.gupta,,1,2,0,2,0.000272,0.069139,0,0,764,2,0,2,1,0,0,0,0
geri.greenall,,1,1,0,1,0.000244,0.041285,0,0,1003,1,0,1,0,0,0,0,0
glen.devries,,1,1,0,1,0.000244,0.041285,0,0,1002,1,0,1,0,0,0,0,0
h..foster,,4,3,0,3,0.00042,0.116016,0,0,934,3,0,3,1,0,0,0,0
harry.arora,,7,5,0,5,0.000502,0.15127,0,0,103,5,0,5,0.85,0,0,0,0
hoyt.thomas,,4,2,0,2,0.000307,0.056059,0,0,291,2,0,2,0,0,0,0,0
jane.tholt,,1,1,0,1,0.000244,0.041285,0,0,1001,1,0,1,0,0,0,0,0
jay.reitmeyer,,1,2,0,2,0.000272,0.069139,0,0,721,2,0,2,1,0,0,0,0
jeff.king,,1,2,0,2,0.000272,0.069139,0,0,717,2,0,2,1,0,0,0,0
joe.parks,,1,2,0,2,0.000272,0.069139,0,0,704,2,0,2,1,0,0,0,0
joe.quenet,,1,2,0,2,0.000272,0.069139,0,0,703,2,0,2,1,0,0,0,0
john.disturnal,,1,1,0,1,0.000244,0.041285,0,0,1000,1,0,1,0,0,0,0,0
john.forney,,4,2,0,2,0.000329,0.071529,0,0,929,2,0,2,1,0,0,0,0
john.zufferli,,4,4,1,5,0.000499,0.151058,0,0,1151,4,1,5,0.666667,5,0.295863,0.310857,469.548432
jonathan.mckay,,1,3,2,5,0.000479,0.10209,0,0,1151,3,2,5,0.833333,5,0.297604,0.314312,0
jordan.mintz,,5,1,2,3,0.000244,0.041285,0,0,1151,1,2,3,0.666667,5,0.288938,0.30168,250.058732
joseph.deffner,,5,6,1,7,0.000757,0.167604,0,0,1151,6,1,7,0.366667,5,0.314767,0.325587,527.198325
juan.hernandez,,1,2,0,2,0.000272,0.069139,0,0,688,2,0,2,1,0,0,0,0
juanita.ruffeno,,1,1,0,1,0.000244,0.041285,0,0,999,1,0,1,0,0,0,0,0
judy.townsend,,1,2,0,2,0.000388,0.057603,0,0,475,2,0,2,1,0,0,0,0
k..allen,,1,4,1,5,0.000451,0.130254,0,0,1151,4,1,5,0.833333,5,0.295863,0.310857,0
karen.buckley,,1,2,3,5,0.000388,0.057603,0,0,1151,2,3,5,0.833333,4,0.324671,0.340084,868.363455
keith.holst,,1,2,0,2,0.000272,0.069139,0,0,675,2,0,2,1,0,0,0,0
kelli.stevens,,1,1,0,1,0.000244,0.041285,0,0,998,1,0,1,0,0,0,0,0
kenneth.thibodeaux,,2,1,8,9,0.000244,0.041285,1,0,1151,1,8,9,0.625,4,0.361576,0.390911,299.143161
kevin.ruscitti,,1,1,0,1,0.000244,0.041285,0,0,997,1,0,1,0,0,0,0,0
kim.melodick,,4,3,5,8,0.000334,0.083914,0,0,1151,3,5,8,0.566667,4,0.363032,0.389867,1345.069953
kimberly.hillis,,4,4,6,10,0.000401,0.131241,0,0,1151,4,6,10,0.619048,4,0.364884,0.392358,253.316625
kyle.kitagawa,,1,1,0,1,0.000244,0.041285,0,0,996,1,0,1,0,0,0,0,0
larry.jester,,1,1,0,1,0.000244,0.041285,0,0,995,1,0,1,0,0,0,0,0
larry.may,,1,3,1,4,0.000416,0.085458,0,0,1151,3,1,4,0.833333,5,0.303972,0.334804,3191.728249
larry.valderrama,,1,1,0,1,0.000244,0.041285,0,0,994,1,0,1,0,0,0,0,0
laura.luce,,8,3,3,6,0.000407,0.100974,0,0,1151,3,3,6,0.333333,4,0.336743,0.352861,2606.947996
laura.podurgiel,,1,2,0,2,0.000272,0.069139,0,0,647,2,0,2,1,0,0,0,0
laura.scott,,1,2,0,2,0.000272,0.069139,0,0,646,2,0,2,1,0,0,0,0
lloyd.will,,8,4,1,5,0.000435,0.128829,0,0,1151,4,1,5,0.5,5,0.264507,0.276406,4053.64187
luitgard.fischer,,1,1,0,1,0.000244,0.041285,0,0,993,1,0,1,0,0,0,0,0
m..presto,,4,4,5,9,0.000493,0.15335,0,0,1151,4,5,9,0.766667,4,0.339722,0.35499,125.111802
mark.davis,,1,1,0,1,0.000244,0.041285,0,0,992,1,0,1,0,0,0,0,0
mark.fischer,,4,2,0,2,0.000329,0.071529,0,0,917,2,0,2,1,0,0,0,0
mark.tawney,,2,4,1,5,0.000411,0.106783,0,0,1151,4,1,5,0.75,4,0.296752,0.308542,637.908086
martin.cuilla,,1,2,1,3,0.000272,0.069139,0,0,1151,2,1,3,0.833333,5,0.245618,0.254227,0
matt.lorenz,,1,2,0,2,0.000272,0.069139,0,0,611,2,0,2,1,0,0,0,0
matt.motley,,4,2,0,2,0.000329,0.071529,0,0,915,2,0,2,1,0,0,0,0
matthew.lenhart,,1,1,0,1,0.000244,0.041285,0,0,991,1,0,1,0,0,0,0,0
max.yzaguirre,,1,1,0,1,0.000244,0.041285,0,0,990,1,0,1,0,0,0,0,0
michael.cowan,,1,1,0,1,0.000244,0.041285,0,0,989,1,0,1,0,0,0,0,0
michael.guerriero,,5,2,2,4,0.000346,0.061314,0,0,1151,2,2,4,0.333333,5,0.313625,0.33179,742.882877
michael.miller,,1,1,0,1,0.000244,0.041285,0,0,988,1,0,1,0,0,0,0,0
mike.carson,,1,3,0,3,0.000363,0.113627,0,0,592,3,0,3,1,0,0,0,0
mike.grigsby,,1,3,2,5,0.000479,0.10209,0,0,1151,3,2,5,0.833333,5,0.297604,0.314312,0
mike.maggi,,1,3,0,3,0.000416,0.085458,0,0,470,3,0,3,0.833333,0,0,0,0
mike.swerzbin,,5,4,1,5,0.000499,0.151058,0,0,1151,4,1,5,0.666667,5,0.279703,0.29055,530.220338
monique.sanchez,,1,1,1,2,0.000244,0.041285,0,0,1151,1,1,2,1,5,0.245618,0.254227,0
morris.clark,,5,2,0,2,0.00036,0.070131,0,0,987,2,0,2,0,0,0,0,0
narsimha.misra,,1,1,0,1,0.000244,0.041285,0,0,986,1,0,1,0,0,0,0,0
orlando.gonzalez,,6,1,2,3,0.000244,0.041285,0,0,1151,1,2,3,1,4,0.321501,0.338677,0
patrice.mims,,1,1,0,1,0.000244,0.041285,0,0,985,1,0,1,0,0,0,0,0
paul.broderick,,1,1,0,1,0.000244,0.041285,0,0,984,1,0,1,0,0,0,0,0
paul.devries,,1,2,0,2,0.000335,0.085772,0,0,959,2,0,2,1,0,0,0,0
per.sekse,,5,4,2,6,0.000478,0.122787,0,0,1151,4,2,6,0.25,4,0.320161,0.335985,4057.398366
peter.keavey,,1,2,1,3,0.000388,0.057603,0,0,1151,2,1,3,0.833333,5,0.314815,0.325667,868.363455
philippe.bibi,,1,5,3,8,0.000495,0.173001,0,0,1151,5,3,8,0.766667,4,0.322852,0.337191,0
randall.gay,,1,2,0,2,0.000272,0.069139,0,0,567,2,0,2,1,0,0,0,0
remi.collonges,,1,1,0,1,0.000244,0.041285,0,0,983,1,0,1,0,0,0,0,0
rob.milnthorp,,2,5,3,8,0.000536,0.160498,0,0,1151,5,3,8,0.8,4,0.349629,0.376567,2089.221025
robert.benson,,1,2,0,2,0.000272,0.069139,0,0,559,2,0,2,1,0,0,0,0
robert.stalford,,1,2,0,2,0.000272,0.069139,0,0,553,2,0,2,1,0,0,0,0
russell.ballato,,1,2,0,2,0.000272,0.069139,0,0,551,2,0,2,1,0,0,0,0
s..shively,,4,4,2,6,0.000448,0.143871,0,0,1151,4,2,6,0.75,5,0.297604,0.314312,188.881191
sandra.brawner,,1,2,0,2,0.000388,0.057603,0,0,22,2,0,2,1,0,0,0,0
scott.goodell,,1,2,1,3,0.000388,0.057603,0,0,1151,2,1,3,1,5,0.245589,0.254147,0
scott.hendrickson,,1,3,1,4,0.000416,0.085458,0,0,1151,3,1,4,0.833333,5,0.245589,0.254147,0
sean.crandall,,4,2,1,3,0.000329,0.071529,0,0,1151,2,1,3,1,5,0.279703,0.29055,0
steve.wang,,1,2,0,2,0.000272,0.069139,0,0,532,2,0,2,1,0,0,0,0
steven.south,,1,1,0,1,0.000244,0.041285,0,0,982,1,0,1,0,0,0,0,0
stinson.gibner,,7,2,1,3,0.000346,0.061314,0,0,1151,2,1,3,1,5,0.290884,0.305135,0
susan.pereira,,1,2,0,2,0.000388,0.057603,0,0,19,2,0,2,1,0,0,0,0
tammi.depaolis,,1,2,0,2,0.000388,0.057603,0,0,18,2,0,2,1,0,0,0,0
thomas.martin,,1,2,0,2,0.000388,0.057603,0,0,17,2,0,2,1,0,0,0,0
tom.alonso,,4,2,0,2,0.000329,0.071529,0,0,8,2,0,2,1,0,0,0,0
tom.donohoe,,1,2,0,2,0.000272,0.069139,0,0,511,2,0,2,1,0,0,0,0
tom.may,,8,3,1,4,0.000344,0.084342,0,0,1151,3,1,4,0.333333,5,0.264507,0.276406,3327.476079
tori.kuykendall,,1,1,0,1,0.000244,0.041285,0,0,981,1,0,1,0,0,0,0,0
vladi.pimenov,,1,2,0,2,0.000388,0.057603,0,0,16,2,0,2,1,0,0,0,0
w.duran,,1,1,0,1,0.000244,0.041285,0,0,980,1,0,1,0,0,0,0,0
wes.colwell,,1,3,2,5,0.000363,0.113627,0,0,1151,3,2,5,1,4,0.322701,0.336789,0
john.novak,,4,2,1,3,0.000427,0.045977,0,0,1151,2,1,3,0.5,5,0.276903,0.284965,0
john.nowlan,,2,3,1,4,0.000385,0.072685,0,0,1151,3,1,4,0.166667,4,0.296752,0.308542,1397.43722
john.peyton,,5,1,2,3,0.000299,0.035189,0,0,1151,1,2,3,0,4,0.312114,0.32819,1319.561346
john.postlethwaite,,4,2,1,3,0.000279,0.058099,0,0,1151,2,1,3,0.5,5,0.279703,0.29055,0
john.rigby,,8,1,1,2,0.000238,0.015202,0,0,1151,1,1,2,0,5,0.264507,0.276406,0
john.schwartzenburg,,8,1,1,2,0.000238,0.015202,0,0,1151,1,1,2,0,5,0.264507,0.276406,0
john.shelk,,4,2,4,6,0.000334,0.079094,0,0,1151,2,4,6,1,4,0.31611,0.341771,0
john.sorrells,,3,1,1,2,0.000194,0.027855,0,0,1151,1,1,2,0,5,0.303972,0.334804,0
john.suttle,,5,2,2,4,0.000362,0.063889,0,0,1151,2,2,4,1,5,0.27646,0.298875,0
john.swinney,,1,1,1,2,0.000194,0.027855,0,0,1151,1,1,2,0.5,5,0.248443,0.254364,0
john.viverito,,5,3,3,6,0.000495,0.099078,0,0,1151,3,3,6,1,5,0.279703,0.303857,0
jon.chapman,,4,2,1,3,0.000308,0.049817,0,0,1151,2,1,3,0,5,0.269806,0.287825,181.322096
jorge.garcia,,5,2,1,3,0.000362,0.063889,0,0,1151,2,1,3,1,5,0.26641,0.280456,0
jose.bestard,,6,1,2,3,0.000239,0.037334,0,0,1151,1,2,3,1,4,0.304731,0.322485,0
joseph.hirl,,7,2,1,3,0.000306,0.037643,0,0,1151,2,1,3,0.5,4,0.296752,0.308542,378.525204
joseph.hrgovcic,,7,1,1,2,0.000268,0.020029,0,0,1151,1,1,2,0,5,0.290884,0.305135,0
joseph.sutton,,2,0,1,1,0.000167,0,0,0,1283,0,1,1,0,5,0.28014,0.291422,0
joya.davis,,4,1,7,8,0.000299,0.035189,0,0,1151,1,7,8,0.5,4,0.315389,0.342776,235.716627
joyce.dorsey,,5,0,2,2,0.000167,0,0,0,1284,0,2,2,0,5,0.271882,0.285116,0
judy.zoch,,5,0,2,2,0.000167,0,0,0,1285,0,2,2,0,5,0.327856,0.361108,0
julia.chin,,5,1,1,2,0.000283,0.028847,0,0,1151,1,1,2,0,5,0.26641,0.280456,0
julia.white,,0,1,2,3,0.000219,0.012282,0,0,1151,1,2,3,1,5,0.272214,0.288645,0
julie.armstrong,,0,2,2,4,0.000342,0.025079,0,0,1151,2,2,4,0.333333,4,0.345379,0.372911,5533.281354
julie.clyatt,,4,0,8,8,0.000167,0,0,0,1286,0,8,8,0.392857,4,0.399807,0.425261,0
julie.ferrara,,2,2,2,4,0.000284,0.052656,0,0,1151,2,2,4,0,4,0.320259,0.339441,1271.913573
julie.green,,6,0,1,1,0.000167,0,0,0,1287,0,1,1,0,4,0.299509,0.312771,0
julie.kearney,,4,0,1,1,0.000167,0,0,0,1288,0,1,1,0,5,0.279763,0.290651,0
julie.sarnowski,,4,1,1,2,0.000252,0.030244,0,0,1151,1,1,2,0,5,0.279703,0.29055,0
julissa.marron,,3,0,1,1,0.000167,0,0,0,1289,0,1,1,0,5,0.304029,0.334884,0
justin.rostant,,5,0,4,4,0.000167,0,0,0,1290,0,4,4,0.5,5,0.332585,0.348803,0
kal.shah,,5,2,3,5,0.000337,0.079529,0,0,1151,2,3,5,1,5,0.330729,0.349293,0
kam.keiser,,1,2,1,3,0.000338,0.044173,0,0,1151,2,1,3,0.5,5,0.245589,0.254147,0
kara.boudreau,,1,0,2,2,0.000167,0,0,0,1291,0,2,2,1,5,0.31511,0.326313,0
karen.cordova,,5,1,1,2,0.000246,0.035042,0,0,1151,1,1,2,0,5,0.269806,0.287825,0
karen.gruesen,,8,0,1,1,0.000167,0,0,0,1292,0,1,1,0,5,0.25876,0.267173,0
karen.jones,,4,1,3,4,0.000238,0.015202,0,0,1151,1,3,4,0.166667,4,0.297732,0.315413,206.090908
karen.lambert,,5,2,2,4,0.000379,0.070231,0,0,1151,2,2,4,1,5,0.273362,0.293812,0
karen.marshall,,7,2,2,4,0.000295,0.047884,0,0,1151,2,2,4,0.5,4,0.32832,0.358968,448.89179
karla.feldman,,7,1,1,2,0.000268,0.020029,0,0,1151,1,1,2,0,5,0.290884,0.305135,0
kate.agnew,,3,0,1,1,0.000167,0,0,0,1293,0,1,1,0,5,0.304029,0.334884,0
kate.cole,,1,0,3,3,0.000167,0,0,0,1294,0,3,3,1,4,0.322907,0.337269,0
kate.symes,,4,1,1,2,0.000252,0.030244,0,0,1151,1,1,2,0,5,0.279703,0.29055,0
katherine.brown,,0,0,10,10,0.000167,0,0,0,1295,0,10,10,0.466667,4,0.358377,0.377952,0
kathie.grabstald,,2,1,5,6,0.000204,0.017614,0,0,1151,1,5,6,0.6,4,0.361955,0.392438,54.411999
kathleen.carnahan,,8,1,1,2,0.000238,0.015202,0,0,1151,1,1,2,0,5,0.264507,0.276406,0
kathleen.clark,,8,1,1,2,0.000238,0.015202,0,0,1151,1,1,2,0,5,0.264507,0.276406,0
kathryn.sheppard,,4,1,1,2,0.000252,0.030244,0,0,1151,1,1,2,1,5,0.295905,0.310937,0
kathy.campos,,0,1,1,2,0.000304,0.007465,0,0,1151,1,1,2,0,6,0.234881,0.245251,0
kathy.mcmahon,,1,0,2,2,0.000167,0,0,0,1296,0,2,2,1,4,0.33861,0.350683,0
katrina.burton,,6,1,1,2,0.000261,0.04176,0,0,1151,1,1,2,0,4,0.299451,0.312681,0
kay.chapman,,2,1,13,14,0.000194,0.027855,1,0,1151,1,13,14,0.512821,4,0.408589,0.436757,1954.012925
adriana.wynn,,8,1,0,1,0.000238,0.015202,0,0,280,1,0,1,0,0,0,0,0
andrew.ralston,,8,1,0,1,0.000238,0.015202,0,0,279,1,0,1,0,0,0,0,0
ben.f.jacoby,,8,1,0,1,0.000238,0.015202,0,0,278,1,0,1,0,0,0,0,0
cheryl.costa,,8,1,0,1,0.000238,0.015202,0,0,275,1,0,1,0,0,0,0,0
cheryl.lipshutz,,8,1,0,1,0.000238,0.015202,0,0,274,1,0,1,0,0,0,0,0
chris.herron,,8,1,0,1,0.000238,0.015202,0,0,273,1,0,1,0,0,0,0,0
david.bargainer,,8,1,0,1,0.000238,0.015202,0,0,272,1,0,1,0,0,0,0,0
david.marks,,8,1,0,1,0.000238,0.015202,0,0,271,1,0,1,0,0,0,0,0
dean.russell,,8,1,0,1,0.000238,0.015202,0,0,270,1,0,1,0,0,0,0,0
don.hammond,,8,1,0,1,0.000238,0.015202,0,0,269,1,0,1,0,0,0,0,0
ed.iii,,8,1,0,1,0.000238,0.015202,0,0,268,1,0,1,0,0,0,0,0
ernie,,8,1,0,1,0.000238,0.015202,0,0,266,1,0,1,0,0,0,0,0
geneva.holland,,8,1,0,1,0.000238,0.015202,0,0,265,1,0,1,0,0,0,0,0
jake.thomas,,1,2,0,2,0.000329,0.05969,0,0,264,2,0,2,0,0,0,0,0
jeff.slaughter,,8,1,0,1,0.000238,0.015202,0,0,263,1,0,1,0,0,0,0,0
jeffery.ader,,8,1,0,1,0.000238,0.015202,0,0,262,1,0,1,0,0,0,0,0
jeffrey.keenan,,8,1,0,1,0.000238,0.015202,0,0,261,1,0,1,0,0,0,0,0
jeffrey.m.keenan,,8,1,0,1,0.000238,0.015202,0,0,260,1,0,1,0,0,0,0,0
jeffrey.miller,,8,2,0,2,0.000266,0.043057,0,0,259,2,0,2,0,0,0,0,0
jim.gilbert,,8,1,0,1,0.000238,0.015202,0,0,258,1,0,1,0,0,0,0,0
john.ayres,,8,1,0,1,0.000238,0.015202,0,0,257,1,0,1,0,0,0,0,0
john.moore,,8,1,0,1,0.000238,0.015202,0,0,256,1,0,1,0,0,0,0,0
jude.rolfes,,8,1,0,1,0.000238,0.015202,0,0,255,1,0,1,0,0,0,0,0
karen.carter,,8,1,0,1,0.000238,0.015202,0,0,254,1,0,1,0,0,0,0,0
kayne.coulter,,8,2,1,3,0.000266,0.043057,0,0,1151,2,1,3,0,5,0.264507,0.276406,2133.520849
larry.soderquist,,8,1,0,1,0.000238,0.015202,0,0,253,1,0,1,0,0,0,0,0
legal.4,,8,1,0,1,0.000238,0.015202,0,0,252,1,0,1,0,0,0,0,0
lisa.alfaro,,8,1,0,1,0.000238,0.015202,0,0,251,1,0,1,0,0,0,0,0
lisa.bills,,1,2,1,3,0.000329,0.05969,0,0,1151,2,1,3,0,5,0.264507,0.276406,726.165791
lorie.leigh,,8,1,1,2,0.000238,0.015202,0,0,1151,1,1,2,0,5,0.264507,0.276406,0
mark.bernstein,,8,1,0,1,0.000238,0.015202,0,0,250,1,0,1,0,0,0,0,0
mark.dobler,,8,1,0,1,0.000238,0.015202,0,0,249,1,0,1,0,0,0,0,0
martin.penkwitz,,8,1,0,1,0.000238,0.015202,0,0,248,1,0,1,0,0,0,0,0
matt.maxwell,,8,1,0,1,0.000238,0.015202,0,0,247,1,0,1,0,0,0,0,0
matthew.berry,,8,1,0,1,0.000238,0.015202,0,0,246,1,0,1,0,0,0,0,0
matthew.gockerman,,4,1,7,8,0.000238,0.015202,0,0,1151,1,7,8,0.553571,4,0.362397,0.380264,2581.950055
michael.brown,,2,6,1,7,0.000754,0.141448,0,0,1151,6,1,7,0.266667,5,0.26641,0.280456,1413.913167
michelle.kapfer,,8,1,0,1,0.000238,0.015202,0,0,245,1,0,1,0,0,0,0,0
mike.coleman,,8,1,0,1,0.000238,0.015202,0,0,244,1,0,1,0,0,0,0,0
mike.miller,,8,1,0,1,0.000238,0.015202,0,0,243,1,0,1,0,0,0,0,0
mitch.robinson,,1,2,2,4,0.000329,0.05969,0,0,1151,2,2,4,0,4,0.32994,0.342856,955.655949
ozzie.pagan,,8,1,0,1,0.000238,0.015202,0,0,242,1,0,1,0,0,0,0,0
peggy.banczak,,4,1,1,2,0.000238,0.015202,0,0,1151,1,1,2,0.5,5,0.276976,0.285085,0
peter.nassab,,8,1,0,1,0.000238,0.015202,0,0,241,1,0,1,0,0,0,0,0
rahil.jafry,,5,5,4,9,0.000569,0.157775,0,0,1151,5,4,9,0.4,4,0.360257,0.388983,13519.684399
raimund.grube,,8,1,0,1,0.000238,0.015202,0,0,240,1,0,1,0,0,0,0,0
randy.pais,,8,1,0,1,0.000238,0.015202,0,0,239,1,0,1,0,0,0,0,0
reagan.rorschach,,8,1,1,2,0.000238,0.015202,0,0,1151,1,1,2,0,5,0.264507,0.276406,0
rebecca.walker,,8,1,1,2,0.000238,0.015202,0,0,1151,1,1,2,0,5,0.264507,0.276406,0
renee.alfaro,,8,1,0,1,0.000238,0.015202,0,0,238,1,0,1,0,0,0,0,0
rhonda.denton,,5,3,4,7,0.000346,0.078099,0,0,1151,3,4,7,0.35,4,0.315677,0.340887,4077.737231
richard.vincent,,8,1,0,1,0.000238,0.015202,0,0,236,1,0,1,0,0,0,0,0
robert.sevitz,,8,1,0,1,0.000238,0.015202,0,0,235,1,0,1,0,0,0,0,0
roger.ondreko,,8,1,0,1,0.000238,0.015202,0,0,233,1,0,1,0,0,0,0,0
ron.tapscott,,0,1,3,4,0.000238,0.015202,0,0,1151,1,3,4,0.333333,4,0.28914,0.305006,4112.452042
roseann.engeldorf,,8,1,1,2,0.000238,0.015202,0,0,1151,1,1,2,0,5,0.264507,0.276406,0
ross.newlin,,8,1,0,1,0.000238,0.015202,0,0,38,1,0,1,0,0,0,0,0
rusty.stevens,,8,1,1,2,0.000238,0.015202,0,0,1151,1,1,2,0,5,0.264507,0.276406,0
ruth.concannon,,8,1,1,2,0.000238,0.015202,0,0,1151,1,1,2,0,5,0.264507,0.276406,0
sarah.wesner,,5,2,1,3,0.000318,0.050244,0,0,1151,2,1,3,0.666667,5,0.266444,0.280537,0
scott.dieball,,8,1,1,2,0.000238,0.015202,0,0,1151,1,1,2,0,5,0.264507,0.276406,0
scott.healy,,8,1,1,2,0.000238,0.015202,0,0,1151,1,1,2,0,5,0.264507,0.276406,0
scott.laidlaw,,8,1,1,2,0.000238,0.015202,0,0,1151,1,1,2,0,5,0.264507,0.276406,0
stacy.dickson,,5,3,3,6,0.000451,0.085433,0,0,1151,3,3,6,0.666667,5,0.279703,0.303857,303.927736
stephen.plauche,,8,1,1,2,0.000238,0.015202,0,0,1151,1,1,2,0,5,0.264507,0.276406,0
stephen.thome,,8,1,2,3,0.000238,0.015202,0,0,1151,1,2,3,0,4,0.29739,0.314047,332.225087
steve.irvin,,1,2,0,2,0.000329,0.05969,0,0,37,2,0,2,0,0,0,0,0
steven.krimsky,,8,1,1,2,0.000238,0.015202,0,0,1151,1,1,2,0,5,0.264507,0.276406,0
suzanne.adams,,5,4,4,8,0.000567,0.11428,0,0,1151,4,4,8,0.666667,4,0.290884,0.317462,871.271313
terri.austin,,8,1,0,1,0.000238,0.015202,0,0,36,1,0,1,0,0,0,0,0
theresa.vos,,8,1,0,1,0.000238,0.015202,0,0,35,1,0,1,0,0,0,0,0
thomas.suffield,,8,1,0,1,0.000238,0.015202,0,0,34,1,0,1,0,0,0,0,0
tom.chapman,,8,2,0,2,0.000266,0.043057,0,0,33,2,0,2,0,0,0,0,0
william.fleenor,,8,1,1,2,0.000238,0.015202,0,0,1151,1,1,2,0,5,0.264507,0.276406,0
william.jr,,8,1,0,1,0.000238,0.015202,0,0,32,1,0,1,0,0,0,0,0
william.keeney,,8,1,1,2,0.000238,0.015202,0,0,1151,1,1,2,0,5,0.264507,0.276406,0
kay.miller,,0,1,1,2,0.000219,0.012282,0,0,1151,1,1,2,0,5,0.270863,0.285431,0
kaye.ellis,,5,3,3,6,0.000495,0.099078,0,0,1151,3,3,6,1,5,0.279703,0.303857,0
keith.miceli,,6,1,1,2,0.000261,0.04176,0,0,1151,1,1,2,0,4,0.299451,0.312681,0
kelly.johnson,,0,1,6,7,0.000261,0.04176,0,0,1151,1,6,7,0.4,4,0.326409,0.339923,0
kelly.kimberly,,6,1,1,2,0.000261,0.04176,0,0,1151,1,1,2,0,4,0.299451,0.312681,0
kelly.lombardi,,5,0,1,1,0.000167,0,0,0,1297,0,1,1,0,5,0.269866,0.287928,0
ken.loch,,8,0,1,1,0.000167,0,0,0,1298,0,1,1,0,5,0.25876,0.267173,0
kenneth.cessac,,0,0,1,1,0.000167,0,0,0,1299,0,1,1,0,5,0.270923,0.285534,0
a..hughes,,0,2,0,2,0.000419,0.026886,0,0,139,2,0,2,0.5,0,0,0,0
andrew.fastow,,2,3,0,3,0.000387,0.076001,0,0,128,3,0,3,0.833333,0,0,0,0
benjamin.rogers,,2,2,0,2,0.000283,0.044482,0,0,138,2,0,2,0.5,0,0,0,0
connie.estrems,,2,2,0,2,0.0004,0.037783,0,0,137,2,0,2,0.5,0,0,0,0
david.cox,,2,1,0,1,0.000255,0.016627,0,0,136,1,0,1,0,0,0,0,0
j..detmering,,2,1,0,1,0.000255,0.016627,0,0,134,1,0,1,0,0,0,0,0
jeff.donahue,,0,3,0,3,0.00043,0.041707,0,0,51,3,0,3,0.5,0,0,0,0
mark.koenig,,7,4,2,6,0.000488,0.096031,0,0,1151,4,2,6,0.666667,4,0.323456,0.334619,133.279935
mark.metts,,0,3,1,4,0.000514,0.068646,0,0,1151,3,1,4,0.666667,5,0.255923,0.265212,0
matthew.scrimshaw,,2,1,0,1,0.000255,0.016627,0,0,131,1,0,1,0,0,0,0,0
paula.rieker,,2,2,7,9,0.000349,0.058387,0,0,1151,2,7,9,0.642857,4,0.341793,0.359209,0
raymond.bowen,,0,4,1,5,0.000458,0.069561,0,0,1151,4,1,5,0.45,5,0.248443,0.254364,152.435882
rebecca.mcdonald,,2,5,0,5,0.000561,0.133365,0,0,59,5,0,5,0.6,0,0,0,0
richard.causey,,0,7,1,8,0.000799,0.152507,0,0,1151,7,1,8,0.452381,5,0.303972,0.334804,6440.026791
shawn.cumberland,,2,1,0,1,0.000255,0.016627,0,0,58,1,0,1,0,0,0,0,0
wade.cline,,2,3,0,3,0.000387,0.076001,0,0,57,3,0,3,0.833333,0,0,0,0
kenneth.parkhill,,7,1,1,2,0.000268,0.020029,0,0,1151,1,1,2,0,5,0.290884,0.305135,0
kenny.ha,,1,0,1,1,0.000167,0,0,0,1300,0,1,1,0,5,0.245649,0.254265,0
kenny.soignet,,1,0,1,1,0.000167,0,0,0,1301,0,1,1,0,5,0.245649,0.254265,0
kerry.roper,,0,2,2,4,0.000332,0.03532,0,0,1151,2,2,4,0,4,0.321202,0.349968,5606.456102
kevin.garland,,2,0,2,2,0.000167,0,0,0,1302,0,2,2,0,5,0.25457,0.260578,0
kevin.jolly,,2,0,1,1,0.000167,0,0,0,1303,0,1,1,0,5,0.268782,0.278233,0
kevin.kindall,,7,1,1,2,0.000268,0.020029,0,0,1151,1,1,2,0,5,0.290884,0.305135,0
kevin.meredith,,5,4,2,6,0.000523,0.126932,0,0,1151,4,2,6,0.5,5,0.273362,0.293812,516.290316
kevin.moore,,7,1,1,2,0.000268,0.020029,0,0,1151,1,1,2,0,5,0.290884,0.305135,0
kevin.sweeney,,3,1,1,2,0.000194,0.027855,0,0,1151,1,1,2,0,5,0.303972,0.334804,0
kikumi.kishigami,,6,1,1,2,0.000239,0.037334,0,0,1151,1,1,2,0,5,0.284929,0.299333,0
kim.theriot,,5,2,2,4,0.000274,0.062897,0,0,1151,2,2,4,0,5,0.326101,0.361644,2737.159346
kimat.singla,,1,1,1,2,0.000194,0.027855,0,0,1151,1,1,2,0.5,5,0.245647,0.254267,0
kimberly.bates,,1,2,1,3,0.000338,0.044173,0,0,1151,2,1,3,0.5,5,0.245589,0.254147,0
kimberly.brown,,1,1,1,2,0.000311,0.016318,0,0,1151,1,1,2,0,5,0.245589,0.254147,0
kimberly.hundl,,5,2,1,3,0.000362,0.063889,0,0,1151,2,1,3,1,5,0.26641,0.280456,0
kimberly.watson,,0,3,1,4,0.000457,0.039777,0,0,1151,3,1,4,0.333333,5,0.290884,0.305135,5444.714708
kirstee.hewitt,,7,1,1,2,0.000268,0.020029,0,0,1151,1,1,2,0,5,0.290884,0.305135,0
kishkill,,1,0,1,1,0.000167,0,0,0,1304,0,1,1,0,5,0.295921,0.310948,0
kristin.gandy,,7,1,2,3,0.000268,0.020029,0,0,1151,1,2,3,1,4,0.32775,0.342535,0
kulvinder.fowler,,1,0,1,1,0.000167,0,0,0,1305,0,1,1,0,5,0.245649,0.254265,0
kysa.alport,,4,0,1,1,0.000167,0,0,0,1306,0,1,1,0,5,0.279763,0.290651,0
l..carson,,2,1,1,2,0.000312,0.021156,0,0,1151,1,1,2,0,5,0.268722,0.278126,0
l..denton,,4,0,3,3,0.000167,0,0,0,1307,0,3,3,0.666667,4,0.305506,0.323133,0
l..nicolay,,0,2,6,8,0.000291,0.049616,0,0,1151,2,6,8,0.595238,4,0.36572,0.384683,1814.130533
l..petrochko,,6,1,2,3,0.000239,0.037334,0,0,1151,1,2,3,1,4,0.299538,0.319873,0
l..wells,,1,0,2,2,0.000167,0,0,0,1308,0,2,2,0.5,5,0.272095,0.282418,0
lance.cunningham,,7,1,1,2,0.000268,0.020029,0,0,1151,1,1,2,0,5,0.290884,0.305135,0
lance.jameson,,5,1,1,2,0.000246,0.035042,0,0,1151,1,1,2,0,5,0.269806,0.287825,0
lara.fields,,5,0,1,1,0.000167,0,0,0,1309,0,1,1,0,5,0.267018,0.279133,0
larry.decker,,6,1,1,2,0.000239,0.037334,0,0,1151,1,1,2,0,5,0.284929,0.299333,0
larry.hunter,,5,3,3,6,0.00039,0.091743,0,0,1151,3,3,6,0.5,5,0.279703,0.303857,968.568733
larry.lawyer,,2,2,1,3,0.000306,0.037643,0,0,1151,2,1,3,0.5,4,0.296752,0.308542,378.525204
larry.pardue,,1,0,1,1,0.000167,0,0,0,1310,0,1,1,0,5,0.295921,0.310948,0
laura.glenn,,6,0,1,1,0.000167,0,0,0,1311,0,1,1,0,4,0.299509,0.312771,0
laura.valencia,,1,0,1,1,0.000167,0,0,0,1312,0,1,1,0,5,0.248443,0.254361,0
laurel.adams,,5,3,2,5,0.00039,0.091743,0,0,1151,3,2,5,0.333333,5,0.27646,0.298875,835.284608
lauren.urquhart,,1,0,3,3,0.000167,0,0,0,1313,0,3,3,0.833333,4,0.338776,0.351084,0
laurie.knight,,6,1,1,2,0.000239,0.037334,0,0,1151,1,1,2,0,5,0.284929,0.299333,0
laurie.mayer,,5,0,1,1,0.000167,0,0,0,1314,0,1,1,0,5,0.269866,0.287928,0
lavorato,,1,0,4,4,0.000167,0,0,0,1315,0,4,4,0.916667,4,0.333012,0.348474,0
leann.walton,,2,0,6,6,0.000167,0,0,0,1316,0,6,6,0.4,4,0.364035,0.391687,0
legal.1,,8,0,4,4,0.000167,0,0,0,1317,0,4,4,0.583333,4,0.29312,0.318715,0
leonardo.pacheco,,4,1,12,13,0.000299,0.035189,1,0,1151,1,12,13,0.462121,4,0.405712,0.430448,5128.694806
leslie.reeves,,5,3,1,4,0.000364,0.107384,0,0,1151,3,1,4,0.666667,5,0.303972,0.334804,2354.153154
lex.carroll,,1,0,1,1,0.000167,0,0,0,1318,0,1,1,0,5,0.314823,0.325671,0
lexi.elliott,,2,1,3,4,0.000194,0.027855,0,0,1151,1,3,4,0.666667,4,0.358389,0.385166,540.438384
li.sun,,7,1,1,2,0.000268,0.020029,0,0,1151,1,1,2,0,5,0.290884,0.305135,0
lillian.bailey,,1,0,2,2,0.000167,0,0,0,1319,0,2,2,1,5,0.296132,0.31151,0
lillian.carroll,,0,0,3,3,0.000167,0,0,0,1320,0,3,3,0.166667,4,0.317521,0.332691,0
lillian.villarreal,,0,0,1,1,0.000167,0,0,0,1321,0,1,1,0,5,0.270923,0.285534,0
linda.bryan,,5,1,1,2,0.000194,0.027855,0,0,1151,1,1,2,0,5,0.269876,0.287946,383.006192
linda.lawrence,,0,1,3,4,0.000219,0.012282,0,0,1151,1,3,4,0.916667,4,0.311178,0.333976,0
linda.simmons,,4,0,7,7,0.000167,0,0,0,1322,0,7,7,0.47619,4,0.310629,0.34257,0
lindon.chiu,,1,0,1,1,0.000167,0,0,0,1323,0,1,1,0,5,0.245649,0.254265,0
lindsay.renaud,,1,0,2,2,0.000167,0,0,0,1324,0,2,2,1,5,0.31511,0.326313,0
lindy.donoho,,0,2,1,3,0.000356,0.019747,0,0,1151,2,1,3,1,5,0.270863,0.285431,0
lisa.connolly,,2,1,2,3,0.000261,0.04176,0,0,1151,1,2,3,0.5,4,0.299754,0.313404,0
lisa.costello,,0,1,4,5,0.000194,0.027855,0,0,1151,1,4,5,0.416667,4,0.326923,0.355031,412.108292
lisa.cousino,,3,1,1,2,0.000194,0.027855,0,0,1151,1,1,2,0,5,0.303972,0.334804,0
lisa.fair,,3,0,1,1,0.000167,0,0,0,1325,0,1,1,0,5,0.304029,0.334884,0
lisa.gillette,,5,1,1,2,0.000246,0.035042,0,0,1151,1,1,2,0,5,0.269806,0.287825,0
lisa.jacobson,,0,0,4,4,0.000167,0,0,0,1326,0,4,4,0.416667,4,0.318056,0.342972,0
lisa.lees,,5,2,2,4,0.000379,0.070231,0,0,1151,2,2,4,1,5,0.273362,0.293812,0
lisa.petruszka,,3,0,1,1,0.000167,0,0,0,1327,0,1,1,0,5,0.304029,0.334884,0
liz.taylor,,4,4,15,19,0.000424,0.109985,1,0,1151,4,15,19,0.4,4,0.420263,0.441699,6517.964275
lizzette.palmer,,4,1,1,2,0.000229,0.014775,0,0,1151,1,1,2,0,5,0.258829,0.266313,0
lola.willis,,5,1,2,3,0.000246,0.035042,0,0,1151,1,2,3,1,5,0.273362,0.293812,0
lon.stanton,,0,1,2,3,0.000219,0.012282,0,0,1151,1,2,3,1,4,0.307533,0.326221,0
loretta.brelsford,,6,0,1,1,0.000167,0,0,0,1328,0,1,1,0,4,0.299509,0.312771,0
lori.pinder,,1,0,1,1,0.000167,0,0,0,1329,0,1,1,0,5,0.248443,0.254361,0
lorna.brennan,,0,1,2,3,0.000219,0.012282,0,0,1151,1,2,3,1,5,0.272214,0.288645,0
lorna.jones,,5,0,1,1,0.000167,0,0,0,1330,0,1,1,0,5,0.269866,0.287928,0
louis.dicarlo,,5,1,1,2,0.000283,0.028847,0,0,1151,1,1,2,0,5,0.26641,0.280456,0
louis.soldano,,0,1,2,3,0.000219,0.012282,0,0,1151,1,2,3,1,5,0.277644,0.293443,0
a..gomez,,1,1,0,1,0.000257,0.044487,0,0,979,1,0,1,0,0,0,0,0
allan.keel,,1,1,0,1,0.000257,0.044487,0,0,978,1,0,1,0,0,0,0,0
awais.omar,,5,2,0,2,0.000337,0.079529,0,0,977,2,0,2,1,0,0,0,0
bob.hillier,,1,1,0,1,0.000257,0.044487,0,0,976,1,0,1,0,0,0,0,0
bob.mcauliffe,,1,1,0,1,0.000257,0.044487,0,0,975,1,0,1,0,0,0,0,0
c..aucoin,,1,1,0,1,0.000257,0.044487,0,0,974,1,0,1,0,0,0,0,0
craig.breslau,,5,2,0,2,0.000337,0.079529,0,0,973,2,0,2,1,0,0,0,0
dale.furrow,,1,1,0,1,0.000257,0.044487,0,0,971,1,0,1,0,0,0,0,0
david.mally,,1,1,0,1,0.000257,0.044487,0,0,970,1,0,1,0,0,0,0,0
david.ryan,,1,1,0,1,0.000257,0.044487,0,0,969,1,0,1,0,0,0,0,0
eric.le,,1,1,0,1,0.000257,0.044487,0,0,967,1,0,1,0,0,0,0,0
georgeanne.hodges,,1,1,0,1,0.000257,0.044487,0,0,966,1,0,1,0,0,0,0,0
j..sturm,,1,2,0,2,0.000285,0.072342,0,0,738,2,0,2,1,0,0,0,0
jay.fitzgerald,,2,2,0,2,0.000295,0.062101,0,0,102,2,0,2,1,0,0,0,0
jeff.golden,,1,1,0,1,0.000257,0.044487,0,0,965,1,0,1,0,0,0,0,0
jennifer.walker,,1,1,0,1,0.000257,0.044487,0,0,964,1,0,1,0,0,0,0,0
john.thompson,,1,1,0,1,0.000257,0.044487,0,0,963,1,0,1,0,0,0,0,0
kevin.montagne,,1,1,0,1,0.000257,0.044487,0,0,962,1,0,1,0,0,0,0,0
m.hall,,1,2,2,4,0.000285,0.072342,0,0,1151,2,2,4,1,4,0.344461,0.369616,0
marcello.romano,,5,2,1,3,0.00039,0.079676,0,0,1151,2,1,3,1,5,0.314767,0.325587,0
mark.dilworth,,5,3,2,5,0.000469,0.114718,0,0,1151,3,2,5,1,5,0.3222,0.335792,0
mark.pickering,,2,3,2,5,0.000323,0.089956,0,0,1151,3,2,5,1,4,0.344461,0.369616,0
michael.guadarrama,,1,1,0,1,0.000257,0.044487,0,0,961,1,0,1,0,0,0,0,0
mike.curry,,1,1,0,1,0.000257,0.044487,0,0,960,1,0,1,0,0,0,0,0
naveen.andrews,,7,1,1,2,0.000257,0.044487,0,0,1151,1,1,2,1,5,0.290924,0.305215,0
paul.goddard,,5,2,1,3,0.000337,0.079529,0,0,1151,2,1,3,1,5,0.266993,0.279106,0
peggy.hedstrom,,1,2,1,3,0.000285,0.072342,0,0,1151,2,1,3,1,5,0.303972,0.334804,0
r..brackett,,5,2,0,2,0.000337,0.079529,0,0,958,2,0,2,1,0,0,0,0
r..shepperd,,1,1,3,4,0.000257,0.044487,0,0,1151,1,3,4,0.833333,4,0.324671,0.340084,0
rita.wynne,,1,2,0,2,0.000285,0.072342,0,0,561,2,0,2,1,0,0,0,0
robert.jones,,4,3,0,3,0.000357,0.076876,0,0,80,3,0,3,0.666667,0,0,0,0
robert.superty,,1,3,1,4,0.000429,0.08866,0,0,1151,3,1,4,0.666667,5,0.303972,0.334804,3191.728249
robert.virgo,,1,1,0,1,0.000257,0.044487,0,0,956,1,0,1,0,0,0,0,0
s..muller,,1,1,1,2,0.000257,0.044487,0,0,1151,1,1,2,0,5,0.314767,0.325587,0
scott.sefton,,5,4,2,6,0.000585,0.143565,0,0,1151,4,2,6,0.833333,5,0.274448,0.292285,314.553269
sheri.thomas,,5,4,4,8,0.000497,0.142573,0,0,1151,4,4,8,0.666667,4,0.360257,0.388983,4587.653726
stephen.stock,,7,3,2,5,0.000386,0.092371,0,0,1151,3,2,5,0.833333,4,0.344461,0.369616,0
tammie.schoppe,,1,2,7,9,0.000285,0.072342,0,0,1151,2,7,9,0.547619,4,0.372151,0.399309,133.284124
thomas.gros,,7,3,3,6,0.000386,0.092371,0,0,1151,3,3,6,0.75,4,0.344633,0.370018,0
thomas.myers,,2,2,0,2,0.000295,0.062101,0,0,65,2,0,2,1,0,0,0,0
tim.heizenrader,,1,2,2,4,0.000342,0.074732,0,0,1151,2,2,4,0.833333,5,0.280157,0.291675,0
tstaggs,,1,1,0,1,0.000257,0.044487,0,0,954,1,0,1,0,0,0,0,0
w..vickers,,1,1,0,1,0.000257,0.044487,0,0,953,1,0,1,0,0,0,0,0
w..white,,4,3,2,5,0.00037,0.102586,0,0,1151,3,2,5,0.833333,4,0.334247,0.362102,2089.221025
zhiyong.wei,,1,2,1,3,0.000285,0.072342,0,0,1151,2,1,3,1,5,0.314767,0.325587,0
luchas.johnson,,1,0,1,1,0.000167,0,0,0,1331,0,1,1,0,5,0.245649,0.254265,0
lucy.ortiz,,5,3,1,4,0.000495,0.099078,0,0,1151,3,1,4,1,5,0.26641,0.280456,0
luiz.maurer,,6,1,1,2,0.000239,0.037334,0,0,1151,1,1,2,0,5,0.284929,0.299333,0
lydia.cannon,,5,0,1,1,0.000167,0,0,0,1332,0,1,1,0,5,0.267018,0.279133,0
lynn.blair,,0,1,1,2,0.000219,0.012282,0,0,1151,1,1,2,0,5,0.270863,0.285431,0
lynnette.barnes,,6,1,1,2,0.000239,0.037334,0,0,1151,1,1,2,1,4,0.289705,0.305569,0
m..love,,1,1,1,2,0.000194,0.027855,0,0,1151,1,1,2,0.5,5,0.245647,0.254267,0
mahesh.lakhani,,5,1,1,2,0.000283,0.028847,0,0,1151,1,1,2,0,5,0.26641,0.280456,0
margaret.allen,,6,1,1,2,0.000261,0.04176,0,0,1151,1,1,2,0,4,0.299451,0.312681,0
margaret.daffin,,7,0,1,1,0.000167,0,0,0,1333,0,1,1,0,5,0.290942,0.305229,0
margaret.doucette,,8,0,7,7,0.000167,0,0,0,1334,0,7,7,0.47619,4,0.310629,0.34257,0
maria.perales,,0,0,1,1,0.000167,0,0,0,1335,0,1,1,0,6,0.234941,0.245373,0
marie.heard,,8,3,5,8,0.000495,0.099078,0,0,1151,3,5,8,0.55,4,0.303394,0.329476,893.575272
marie.hejka,,2,0,2,2,0.000167,0,0,0,1336,0,2,2,0.5,4,0.322105,0.333614,0
marilyn.colbert,,5,2,1,3,0.000274,0.062897,0,0,1151,2,1,3,0,5,0.269806,0.287825,383.006192
mario.cardoso,,5,0,1,1,0.000167,0,0,0,1337,0,1,1,0,5,0.267018,0.279133,0
mark.brand,,1,0,1,1,0.000167,0,0,0,1338,0,1,1,0,5,0.248443,0.254361,0
mark.breese,,1,0,1,1,0.000167,0,0,0,1339,0,1,1,0,5,0.245649,0.254265,0
mark.crowther,,6,1,2,3,0.000239,0.037334,0,0,1151,1,2,3,1,4,0.304731,0.322485,0
mark.elliott,,5,3,2,5,0.000495,0.099078,0,0,1151,3,2,5,1,5,0.274448,0.292285,0
mark.evans,,4,3,1,4,0.000604,0.094811,0,0,1151,3,1,4,0.666667,5,0.276903,0.284965,22.763638
mark.greenberg,,4,5,6,11,0.000745,0.144627,0,0,1151,5,6,11,0.666667,4,0.307806,0.33249,1228.253556
mark.guzman,,4,1,1,2,0.000252,0.030244,0,0,1151,1,1,2,0,5,0.279703,0.29055,0
bruce.lundstrom,,4,1,0,1,0.000355,0.030775,0,0,326,1,0,1,0,0,0,0,0
mark.holsworth,,4,1,0,1,0.000355,0.030775,0,0,325,1,0,1,0,0,0,0,0
martin.rosell,,4,3,2,5,0.000604,0.094811,0,0,1151,3,2,5,0.666667,5,0.274448,0.292285,114.99124
paul.simons,,4,4,5,9,0.000683,0.129853,0,0,1151,4,5,9,0.7,5,0.339889,0.35974,541.476621
randy.young,,4,2,1,3,0.000471,0.059622,0,0,1151,2,1,3,0,5,0.276903,0.284965,22.763638
rob.walls,,1,2,2,4,0.000449,0.072535,0,0,1151,2,2,4,0.666667,5,0.277273,0.285929,0
robert.bruce,,4,4,4,8,0.000683,0.129853,0,0,1151,4,4,8,0.666667,5,0.303261,0.325667,300.312513
mark.lay,,2,2,2,4,0.000362,0.061789,0,0,1151,2,2,4,0.5,5,0.301585,0.317109,54.303948
mark.mcconnell,,0,1,1,2,0.000204,0.017614,0,0,1151,1,1,2,0,6,0.234961,0.245395,178.113677
mark.powell,,4,2,3,5,0.000379,0.070231,0,0,1151,2,3,5,0.666667,5,0.296328,0.316225,18.50444
mark.ruane,,2,2,1,3,0.000413,0.041185,0,0,1151,2,1,3,0.5,5,0.290884,0.305135,212.524731
andrea.calo,,5,3,0,3,0.000495,0.099078,0,0,324,3,0,3,1,0,0,0,0
becky.tlucek,,5,1,0,1,0.000299,0.035189,0,0,323,1,0,1,0,0,0,0,0
bill.hare,,5,3,0,3,0.000406,0.098086,0,0,322,3,0,3,0.333333,0,0,0,0
brent.enron,,5,2,0,2,0.000415,0.064036,0,0,321,2,0,2,1,0,0,0,0
francisco.leite,,5,3,0,3,0.000495,0.099078,0,0,320,3,0,3,1,0,0,0,0
janet.dobernecker,,5,1,0,1,0.000299,0.035189,0,0,319,1,0,1,0,0,0,0,0
jay.hawthorn,,5,1,0,1,0.000299,0.035189,0,0,318,1,0,1,0,0,0,0,0
kristina.mordaunt,,5,2,0,2,0.000415,0.064036,0,0,317,2,0,2,1,0,0,0,0
legal.2,,5,2,0,2,0.000415,0.064036,0,0,316,2,0,2,1,0,0,0,0
marcus.polach,,5,2,0,2,0.000415,0.064036,0,0,315,2,0,2,1,0,0,0,0
mary.solmonson,,5,3,2,5,0.000406,0.098086,0,0,1151,3,2,5,0.333333,5,0.323406,0.355698,4204.647534
melba.lozano,,5,4,3,7,0.000523,0.126932,0,0,1151,4,3,7,0.5,5,0.279703,0.303857,968.568733
michael.robison,,5,1,0,1,0.000299,0.035189,0,0,314,1,0,1,0,0,0,0,0
nedre.strambler,,5,1,0,1,0.000299,0.035189,0,0,313,1,0,1,0,0,0,0,0
nony.flores,,4,1,4,5,0.000299,0.035189,0,0,1151,1,4,5,0.666667,5,0.283256,0.309201,0
robert.quick,,4,2,2,4,0.000379,0.070231,0,0,1151,2,2,4,0.333333,4,0.329468,0.356075,4089.86785
rod.nelson,,5,3,2,5,0.000495,0.099078,0,0,1151,3,2,5,1,5,0.274448,0.292285,0
rousseau.anai,,5,1,0,1,0.000299,0.035189,0,0,312,1,0,1,0,0,0,0,0
rudi.zipter,,7,2,0,2,0.000401,0.055218,0,0,311,2,0,2,0,0,0,0,0
samantha.boyd,,5,3,3,6,0.000495,0.099078,0,0,1151,3,3,6,1,5,0.279703,0.303857,0
samuel.schott,,5,3,2,5,0.000406,0.098086,0,0,1151,3,2,5,0.333333,5,0.273362,0.293812,516.290316
shawna.flynn,,5,2,0,2,0.000379,0.070231,0,0,310,2,0,2,1,0,0,0,0
sheri.cromwell,,8,2,8,10,0.000379,0.070231,0,0,1151,2,8,10,0.482143,4,0.320507,0.351374,1342.608313
stephanie.panus,,4,3,7,10,0.000495,0.099078,0,0,1151,3,7,10,0.404762,4,0.327957,0.358406,3082.9019
stephanie.sever,,1,3,2,5,0.000406,0.098086,0,0,1151,3,2,5,0.25,5,0.277681,0.299518,1209.17807
stephen.douglas,,2,3,2,5,0.000453,0.08165,0,0,1151,3,2,5,0.5,5,0.273362,0.293812,343.176207
susan.bailey,,5,3,3,6,0.000495,0.099078,0,0,1151,3,3,6,1,5,0.279703,0.303857,0
susan.flynn,,5,3,3,6,0.000495,0.099078,0,0,1151,3,3,6,1,5,0.279703,0.303857,0
sylvia.sauseda,,5,1,0,1,0.000299,0.035189,0,0,309,1,0,1,0,0,0,0,0
tom.moran,,5,3,2,5,0.000495,0.099078,0,0,1151,3,2,5,1,5,0.273362,0.293812,0
tracy.foy,,5,1,0,1,0.000299,0.035189,0,0,28,1,0,1,0,0,0,0,0
wayne.gresham,,5,2,0,2,0.000379,0.070231,0,0,27,2,0,2,1,0,0,0,0
yao.apasu,,5,3,0,3,0.000495,0.099078,0,0,0,3,0,3,1,0,0,0,0
marla.barnard,,6,1,1,2,0.000194,0.027855,0,0,1151,1,1,2,0,4,0.299538,0.312801,540.438384
martha.keesler,,8,0,6,6,0.000167,0,0,0,1340,0,6,6,0.366667,4,0.309563,0.340562,0
martin.lin,,7,1,1,2,0.000268,0.020029,0,0,1151,1,1,2,0,5,0.290884,0.305135,0
martina.angelova,,7,0,1,1,0.000167,0,0,0,1341,0,1,1,0,5,0.290942,0.305229,0
marvia.jefferson,,3,1,1,2,0.000194,0.027855,0,0,1151,1,1,2,0,5,0.303972,0.334804,0
mary.bailey,,6,1,1,2,0.000268,0.020029,0,0,1151,1,1,2,1,4,0.299495,0.312761,0
mary.clark,,2,1,2,3,0.000261,0.04176,0,0,1151,1,2,3,0.5,4,0.299754,0.313404,0
mary.gray,,5,2,1,3,0.000274,0.062897,0,0,1151,2,1,3,0,5,0.269806,0.287825,383.006192
mary.joyce,,4,2,1,3,0.000323,0.056535,0,0,1151,2,1,3,0.5,5,0.258829,0.266313,0
mary.miller,,0,2,1,3,0.000383,0.022541,0,0,1151,2,1,3,1,5,0.270863,0.285431,0
maryhelen.martinez,,5,0,2,2,0.000167,0,0,0,1342,0,2,2,1,5,0.274507,0.292386,0
matt.motsinger,,1,0,2,2,0.000167,0,0,0,1343,0,2,2,0.5,5,0.317764,0.330731,0
matthew.dawson,,5,2,1,3,0.000362,0.063889,0,0,1151,2,1,3,1,5,0.269806,0.287825,0
matthias.lee,,5,1,1,2,0.000246,0.035042,0,0,1151,1,1,2,1,5,0.266993,0.279106,0
maureen.raymond,,6,1,3,4,0.000268,0.020029,0,0,1151,1,3,4,0.666667,4,0.328113,0.343258,0
maxine.levingston,,0,0,10,10,0.000167,0,0,0,1344,0,10,10,0.466667,4,0.358377,0.377952,0
mechelle.atwood,,3,0,1,1,0.000167,0,0,0,1345,0,1,1,0,5,0.304029,0.334884,0
melissa.becker,,0,2,2,4,0.000332,0.03532,0,0,1151,2,2,4,0,4,0.321202,0.349968,5606.456102
melissa.murphy,,5,3,2,5,0.00039,0.091743,0,0,1151,3,2,5,0.333333,5,0.27646,0.298875,835.284608
melissa.videtto,,1,0,1,1,0.000167,0,0,0,1346,0,1,1,0,5,0.245649,0.254265,0
meredith.philipp,,2,2,4,6,0.000334,0.079094,0,0,1151,2,4,6,0.416667,4,0.329782,0.344825,9.152884
messaging.agent,,7,0,1,1,0.000167,0,0,0,1347,0,1,1,0,5,0.290942,0.305229,0
michael.bridges,,5,2,1,3,0.000362,0.063889,0,0,1151,2,1,3,1,5,0.269806,0.287825,0
michael.burke,,0,0,1,1,0.000167,0,0,0,1348,0,1,1,0,5,0.255983,0.265325,0
michael.eiben,,8,1,1,2,0.000194,0.027855,0,0,1151,1,1,2,0,5,0.258765,0.267181,2104.164131
michael.grimes,,6,1,2,3,0.000239,0.037334,0,0,1151,1,2,3,1,4,0.304731,0.322485,0
michael.hicks,,6,1,1,2,0.000261,0.04176,0,0,1151,1,1,2,0,4,0.299451,0.312681,0
michael.kass,,2,0,1,1,0.000167,0,0,0,1349,0,1,1,0,5,0.268782,0.278233,0
michael.moscoso,,5,2,1,3,0.000274,0.062897,0,0,1151,2,1,3,0,5,0.303972,0.334804,2354.153154
michael.neves,,5,1,1,2,0.000246,0.035042,0,0,1151,1,1,2,0,5,0.269806,0.287825,0
michael.ratner,,0,1,1,2,0.000304,0.007465,0,0,1151,1,1,2,0,6,0.234881,0.245251,0
michael.schilmoeller,,7,1,1,2,0.000268,0.020029,0,0,1151,1,1,2,0,5,0.290884,0.305135,0
michael.slade,,5,1,1,2,0.000246,0.035042,0,0,1151,1,1,2,0,5,0.269806,0.287825,0
michael.terraso,,6,1,1,2,0.000261,0.04176,0,0,1151,1,1,2,0,4,0.299451,0.312681,0
michelle.blaine,,4,0,1,1,0.000167,0,0,0,1350,0,1,1,0,5,0.276962,0.285068,0
a..hope,,4,1,0,1,0.000229,0.014775,0,0,302,1,0,1,0,0,0,0,0
aaron.brown,,4,1,0,1,0.000229,0.014775,0,0,301,1,0,1,0,0,0,0,0
brian.schaffer,,4,1,0,1,0.000229,0.014775,0,0,299,1,0,1,0,0,0,0,0
cindy.skinner,,2,2,0,2,0.000267,0.032389,0,0,120,2,0,2,0,0,0,0,0
cynthia.barrow,,4,1,0,1,0.000229,0.014775,0,0,298,1,0,1,0,0,0,0,0
david.baumbach,,4,2,0,2,0.000257,0.042629,0,0,297,2,0,2,0,0,0,0,0
debi.vanwey,,4,1,0,1,0.000229,0.014775,0,0,296,1,0,1,0,0,0,0,0
diane.taylor,,4,1,0,1,0.000229,0.014775,0,0,295,1,0,1,0,0,0,0,0
dolores.lenfest,,4,1,0,1,0.000229,0.014775,0,0,294,1,0,1,0,0,0,0,0
drew.lynch,,4,1,0,1,0.000229,0.014775,0,0,293,1,0,1,0,0,0,0,0
gary.buck,,4,1,0,1,0.000229,0.014775,0,0,292,1,0,1,0,0,0,0,0
kalen.pieper,,4,1,0,1,0.000229,0.014775,0,0,290,1,0,1,0,0,0,0,0
kathryn.schultea,,4,1,0,1,0.000229,0.014775,0,0,289,1,0,1,0,0,0,0,0
kathy.neal,,4,1,0,1,0.000229,0.014775,0,0,288,1,0,1,0,0,0,0,0
kimberly.rizzi,,4,2,0,2,0.000257,0.042629,0,0,287,2,0,2,0,0,0,0,0
kriste.sullivan,,4,1,0,1,0.000229,0.014775,0,0,286,1,0,1,0,0,0,0,0
molly.magee,,7,2,1,3,0.00033,0.034804,0,0,1151,2,1,3,0,5,0.290884,0.305135,553.39255
neil.davies,,1,1,8,9,0.000229,0.014775,0,0,1151,1,8,9,0.392857,4,0.399769,0.425225,2019.162053
nigel.sellens,,4,1,0,1,0.000229,0.014775,0,0,285,1,0,1,0,0,0,0,0
norma.villarreal,,4,3,4,7,0.000358,0.062659,0,0,1151,3,4,7,0.466667,4,0.327284,0.342695,2136.48171
pam.butler,,4,1,0,1,0.000229,0.014775,0,0,284,1,0,1,0,0,0,0,0
peter.vecchio,,4,1,0,1,0.000229,0.014775,0,0,283,1,0,1,0,0,0,0,0
rick.johnson,,4,1,1,2,0.000229,0.014775,0,0,1151,1,1,2,0,5,0.258829,0.266313,0
ryan.seleznov,,4,2,0,2,0.000257,0.042629,0,0,282,2,0,2,0,0,0,0,0
shanna.funkhouser,,2,2,1,3,0.000267,0.032389,0,0,1151,2,1,3,0,4,0.296752,0.308542,392.317886
sharon.butcher,,4,1,0,1,0.000229,0.014775,0,0,281,1,0,1,0,0,0,0,0
sheila.walton,,2,3,1,4,0.000475,0.05596,0,0,1151,3,1,4,0.166667,5,0.290884,0.305135,765.917281
tara.rozen,,4,1,0,1,0.000229,0.014775,0,0,31,1,0,1,0,0,0,0,0
timothy.callahan,,4,1,0,1,0.000229,0.014775,0,0,30,1,0,1,0,0,0,0,0
trey.cash,,4,1,1,2,0.000229,0.014775,0,0,1151,1,1,2,0,5,0.258829,0.266313,0
valeria.hope,,4,1,0,1,0.000229,0.014775,0,0,29,1,0,1,0,0,0,0,0
michelle.lawless,,4,0,1,1,0.000167,0,0,0,1351,0,1,1,0,5,0.276962,0.285068,0
michelle.lokay,,0,2,2,4,0.000356,0.019747,0,0,1151,2,2,4,1,5,0.272214,0.288645,0
michelle.vitrella,,7,0,2,2,0.000167,0,0,0,1352,0,2,2,0.5,4,0.328375,0.359036,0
mika.watanabe,,6,1,1,2,0.000239,0.037334,0,0,1151,1,1,2,1,4,0.299495,0.312761,0
mike.bryant,,0,1,1,2,0.000219,0.012282,0,0,1151,1,1,2,0,5,0.270863,0.285431,0
mike.fowler,,5,1,1,2,0.000283,0.028847,0,0,1151,1,1,2,0,5,0.26641,0.280456,0
mike.jordan,,2,2,2,4,0.00034,0.049011,0,0,1151,2,2,4,1,5,0.30509,0.336974,0
adriana.cortes,,2,1,0,1,0.000204,0.017614,0,0,130,1,0,1,0,0,0,0,0
amy.rios,,2,1,0,1,0.000204,0.017614,0,0,129,1,0,1,0,0,0,0,0
angie.collins,,2,1,0,1,0.000204,0.017614,0,0,127,1,0,1,0,0,0,0,0
blanca.bollom,,2,1,0,1,0.000204,0.017614,0,0,125,1,0,1,0,0,0,0,0
brenda.johnston,,2,1,0,1,0.000204,0.017614,0,0,124,1,0,1,0,0,0,0,0
candy.willard,,2,1,0,1,0.000204,0.017614,0,0,123,1,0,1,0,0,0,0,0
cheryl.taake,,2,1,0,1,0.000204,0.017614,0,0,122,1,0,1,0,0,0,0,0
christina.johnson,,2,1,0,1,0.000204,0.017614,0,0,121,1,0,1,0,0,0,0,0
dan.bruce,,2,1,0,1,0.000204,0.017614,0,0,118,1,0,1,0,0,0,0,0
danielle.stephens,,2,1,0,1,0.000204,0.017614,0,0,117,1,0,1,0,0,0,0,0
deb.gebhardt,,2,1,0,1,0.000204,0.017614,0,0,116,1,0,1,0,0,0,0,0
debbie.yates,,2,1,0,1,0.000204,0.017614,0,0,115,1,0,1,0,0,0,0,0
deedee.deshayes,,2,1,0,1,0.000204,0.017614,0,0,114,1,0,1,0,0,0,0,0
deryle.harsell,,2,1,0,1,0.000204,0.017614,0,0,113,1,0,1,0,0,0,0,0
dorothy.dalton,,2,1,0,1,0.000204,0.017614,0,0,112,1,0,1,0,0,0,0,0
dortha.gray,,2,1,0,1,0.000204,0.017614,0,0,111,1,0,1,0,0,0,0,0
emilio.vicens,,2,1,0,1,0.000204,0.017614,0,0,110,1,0,1,0,0,0,0,0
eric.gonzales,,2,1,0,1,0.000204,0.017614,0,0,109,1,0,1,0,0,0,0,0
gina.calderon,,2,1,0,1,0.000204,0.017614,0,0,107,1,0,1,0,0,0,0,0
greg.curran,,2,1,0,1,0.000204,0.017614,0,0,106,1,0,1,0,0,0,0,0
greg.nikkel,,2,1,0,1,0.000204,0.017614,0,0,105,1,0,1,0,0,0,0,0
habiba.bayi,,2,1,0,1,0.000204,0.017614,0,0,104,1,0,1,0,0,0,0,0
jere.overdyke,,2,1,0,1,0.000204,0.017614,0,0,101,1,0,1,0,0,0,0,0
jody.pierce,,2,1,0,1,0.000204,0.017614,0,0,100,1,0,1,0,0,0,0,0
john.pavetto,,2,2,0,2,0.000284,0.052656,0,0,99,2,0,2,0,0,0,0,0
john.walt,,2,1,0,1,0.000204,0.017614,0,0,98,1,0,1,0,0,0,0,0
jose.trevino,,2,1,0,1,0.000204,0.017614,0,0,97,1,0,1,0,0,0,0,0
karina.prizont,,0,2,0,2,0.000369,0.027873,0,0,96,2,0,2,0.5,0,0,0,0
katherine.benedict,,2,1,0,1,0.000204,0.017614,0,0,95,1,0,1,0,0,0,0,0
laurie.davidson,,2,1,0,1,0.000204,0.017614,0,0,93,1,0,1,0,0,0,0,0
linda.trevino,,0,2,0,2,0.000256,0.029896,0,0,92,2,0,2,0,0,0,0,0
lisa.sawyer,,0,2,0,2,0.000256,0.029896,0,0,91,2,0,2,0,0,0,0,0
lyle.bernard,,2,1,0,1,0.000204,0.017614,0,0,90,1,0,1,0,0,0,0,0
maria.maldonado,,2,1,0,1,0.000204,0.017614,0,0,89,1,0,1,0,0,0,0,0
marsha.schiller,,2,1,0,1,0.000204,0.017614,0,0,88,1,0,1,0,0,0,0,0
mary.browning,,2,1,0,1,0.000204,0.017614,0,0,87,1,0,1,0,0,0,0,0
nicki.daw,,2,1,13,14,0.000204,0.017614,1,0,1151,1,13,14,0.461538,4,0.399615,0.42643,195.621105
patrick.wade,,2,1,0,1,0.000204,0.017614,0,0,86,1,0,1,0,0,0,0,0
paul.quilkey,,2,2,0,2,0.000306,0.037643,0,0,85,2,0,2,0.5,0,0,0,0
peggy.mccurley,,2,2,2,4,0.000232,0.045469,0,0,1151,2,2,4,0.333333,5,0.323406,0.355698,223.458774
pierre.aury,,2,1,0,1,0.000204,0.017614,0,0,84,1,0,1,0,0,0,0,0
rachel.feldt,,2,1,0,1,0.000204,0.017614,0,0,83,1,0,1,0,0,0,0,0
randal.maffett,,2,1,1,2,0.000204,0.017614,0,0,1151,1,1,2,0,5,0.258894,0.266434,115.352357
regina.karsolich,,2,1,0,1,0.000204,0.017614,0,0,82,1,0,1,0,0,0,0,0
richard.harper,,2,1,0,1,0.000204,0.017614,0,0,81,1,0,1,0,0,0,0,0
rick.bergsieker,,2,1,1,2,0.000204,0.017614,0,0,1151,1,1,2,0,4,0.296752,0.308542,0
rosalinda.resendez,,2,1,0,1,0.000204,0.017614,0,0,73,1,0,1,0,0,0,0,0
rosemary.leblanc,,2,1,0,1,0.000204,0.017614,0,0,72,1,0,1,0,0,0,0,0
scott.tholan,,6,3,1,4,0.0004,0.079403,0,0,1151,3,1,4,0.833333,5,0.290884,0.305135,0
sophie.patel,,2,1,0,1,0.000204,0.017614,0,0,71,1,0,1,0,0,0,0,0
stacey.dempsey,,2,1,0,1,0.000204,0.017614,0,0,70,1,0,1,0,0,0,0,0
stephen.horn,,2,1,0,1,0.000204,0.017614,0,0,69,1,0,1,0,0,0,0,0
steve.hotte,,0,4,4,8,0.000559,0.04762,0,0,1151,4,4,8,0.45,4,0.348103,0.377009,15312.72527
steve.nagy,,2,1,0,1,0.000204,0.017614,0,0,68,1,0,1,0,0,0,0,0
sue.ford,,2,1,2,3,0.000204,0.017614,0,0,1151,1,2,3,0.5,5,0.272107,0.282433,0
susan.lopez,,2,1,0,1,0.000204,0.017614,0,0,66,1,0,1,0,0,0,0,0
thomas.meers,,0,2,0,2,0.000342,0.025079,0,0,40,2,0,2,0,0,0,0,0
thomas.white,,2,1,0,1,0.000204,0.017614,0,0,64,1,0,1,0,0,0,0,0
thor.lien,,2,1,0,1,0.000204,0.017614,0,0,63,1,0,1,0,0,0,0,0
yolanda.arriaga,,2,1,0,1,0.000204,0.017614,0,0,62,1,0,1,0,0,0,0,0
yolanda.martinez,,2,1,0,1,0.000204,0.017614,0,0,61,1,0,1,0,0,0,0,0
zulie.flores,,2,1,0,1,0.000204,0.017614,0,0,60,1,0,1,0,0,0,0,0
mike.roberts,,7,1,3,4,0.000268,0.020029,0,0,1151,1,3,4,0.666667,4,0.312632,0.331847,168.790618
mike.wellings,,3,0,1,1,0.000167,0,0,0,1353,0,1,1,0,5,0.304029,0.334884,0
milnthorp,,1,0,1,1,0.000167,0,0,0,1354,0,1,1,0,5,0.295921,0.310948,0
moazzam.khoja,,5,0,1,1,0.000167,0,0,0,1355,0,1,1,0,5,0.267018,0.279133,0
molly.harris,,2,3,3,6,0.000508,0.085044,0,0,1151,3,3,6,0.5,5,0.279703,0.303857,1451.720691
molly.sample,,0,0,1,1,0.000167,0,0,0,1356,0,1,1,0,6,0.234941,0.245373,0
morris.brassfield,,0,1,1,2,0.000304,0.007465,0,0,1151,1,1,2,0,6,0.234881,0.245251,0
nailia.dindarova,,6,1,2,3,0.000239,0.037334,0,0,1151,1,2,3,1,4,0.304731,0.322485,0
nancy.bagot,,0,1,4,5,0.000219,0.012282,0,0,1151,1,4,5,0.583333,5,0.300536,0.3232,0
nancy.hernandez,,2,0,2,2,0.000167,0,0,0,1357,0,2,2,1,5,0.305147,0.337052,0
nelson,,0,0,1,1,0.000167,0,0,0,1358,0,1,1,0,5,0.270923,0.285534,0
nelson.neale,,7,0,1,1,0.000167,0,0,0,1359,0,1,1,0,5,0.290942,0.305229,0
nicole.hunter,,5,1,1,2,0.000246,0.035042,0,0,1151,1,1,2,0,5,0.269806,0.287825,0
nina.garcia,,6,0,1,1,0.000167,0,0,0,1360,0,1,1,0,4,0.299509,0.312771,0
nita.garcia,,5,0,1,1,0.000167,0,0,0,1361,0,1,1,0,5,0.26647,0.280562,0
no.address,,2,0,5,5,0.000167,0,0,0,1362,0,5,5,0.6,4,0.349385,0.366426,0
norman.levine,,6,0,1,1,0.000167,0,0,0,1363,0,1,1,0,4,0.299509,0.312771,0
osman.sezgen,,7,1,1,2,0.000268,0.020029,0,0,1151,1,1,2,0,5,0.290884,0.305135,0
outlook.team,,2,0,13,13,0.000167,0,1,0,1364,0,13,13,0.192308,3,0.405115,0.424016,0
pam.metoyer,,2,0,1,1,0.000167,0,0,0,1365,0,1,1,0,5,0.268782,0.278233,0
pamela.daily,,0,1,1,2,0.000304,0.007465,0,0,1151,1,1,2,0,6,0.234881,0.245251,0
park.account,,6,0,1,1,0.000167,0,0,0,1366,0,1,1,0,4,0.299509,0.312771,0
patricia.cini,,5,2,1,3,0.000362,0.063889,0,0,1151,2,1,3,1,5,0.26641,0.280456,0
patricia.tlapek,,7,1,1,2,0.000268,0.020029,0,0,1151,1,1,2,0,5,0.290884,0.305135,0
patti.thompson,,3,1,1,2,0.000194,0.027855,0,0,1151,1,1,2,0,5,0.303972,0.334804,0
paul.cherry,,0,1,1,2,0.000304,0.007465,0,0,1151,1,1,2,0,6,0.234881,0.245251,0
paul.dawson,,6,2,2,4,0.000334,0.079094,0,0,1151,2,2,4,1,4,0.304731,0.322485,0
paul.finken,,5,1,1,2,0.000246,0.035042,0,0,1151,1,1,2,0,5,0.269806,0.287825,0
paul.hennemeyer,,6,1,1,2,0.000239,0.037334,0,0,1151,1,1,2,0,5,0.284929,0.299333,0
paul.jordan,,1,0,2,2,0.000167,0,0,0,1367,0,2,2,1,5,0.297662,0.314402,0
paul.parrish,,8,0,1,1,0.000167,0,0,0,1368,0,1,1,0,5,0.264567,0.276514,0
paul.radous,,4,2,3,5,0.000362,0.063889,0,0,1151,2,3,5,0.666667,5,0.293851,0.315943,20.714899
paula.corey,,7,1,1,2,0.000268,0.020029,0,0,1151,1,1,2,0,5,0.290884,0.305135,0
paulette.obrecht,,8,0,5,5,0.000167,0,0,0,1369,0,5,5,0.5,4,0.30759,0.329036,0
paulo.issler,,7,1,1,2,0.000268,0.020029,0,0,1151,1,1,2,0,5,0.290884,0.305135,0
perfmgmt,,2,0,7,7,0.000167,0,1,0,1370,0,7,7,0.071429,4,0.406385,0.43012,0
pete.gohm,,6,0,1,1,0.000167,0,0,0,1371,0,1,1,0,4,0.299509,0.312771,0
peter.berzins,,1,0,3,3,0.000167,0,0,0,1372,0,3,3,0.833333,4,0.344684,0.37008,0
peter.feltman,,5,1,1,2,0.000246,0.035042,0,0,1151,1,1,2,0,5,0.269806,0.287825,0
peter.styles,,6,2,2,4,0.000334,0.079094,0,0,1151,2,2,4,1,4,0.304731,0.322485,0
peter.weidler,,6,0,1,1,0.000167,0,0,0,1373,0,1,1,0,4,0.299509,0.312771,0
phil.lowry,,0,3,1,4,0.000521,0.030006,0,0,1151,3,1,4,1,5,0.255923,0.265212,0
pinnamaneni.krishnarao,,7,1,1,2,0.000268,0.020029,0,0,1151,1,1,2,0,5,0.290884,0.305135,0
postmaster,,6,0,2,2,0.000167,0,0,0,1374,0,2,2,0,4,0.310582,0.333414,0
r..harrington,,1,1,4,5,0.000194,0.027855,0,0,1151,1,4,5,0.833333,4,0.351168,0.378817,0
rakesh.bharati,,7,1,1,2,0.000268,0.020029,0,0,1151,1,1,2,0,5,0.290884,0.305135,0
ravi.thuraisingham,,7,1,1,2,0.000268,0.020029,0,0,1151,1,1,2,0,5,0.290884,0.305135,0
raymond.yeow,,7,1,1,2,0.000268,0.020029,0,0,1151,1,1,2,0,5,0.290884,0.305135,0
rex.rogers,,2,1,1,2,0.000283,0.028847,0,0,1151,1,1,2,0,5,0.268792,0.278247,288.268058
richard.hanagriff,,0,1,1,2,0.000219,0.012282,0,0,1151,1,1,2,0,5,0.270863,0.285431,0
richard.ingersoll,,6,1,4,5,0.000239,0.037334,0,0,1151,1,4,5,0.583333,4,0.328997,0.350329,53.832141
richard.lauer,,3,0,1,1,0.000167,0,0,0,1375,0,1,1,0,5,0.304029,0.334884,0
richard.lewis,,7,1,1,2,0.000268,0.020029,0,0,1151,1,1,2,0,5,0.290884,0.305135,0
richard.lydecker,,1,0,2,2,0.000167,0,0,0,1376,0,2,2,1,4,0.322756,0.336867,0
richard.sage,,5,3,3,6,0.00039,0.091743,0,0,1151,3,3,6,0.333333,5,0.335057,0.37189,7582.848345
a..hueter,,6,1,0,1,0.000239,0.037334,0,0,467,1,0,1,0,0,0,0,0
alfredo.huertas,,6,1,0,1,0.000239,0.037334,0,0,466,1,0,1,0,0,0,0,0
allison.hamilton,,6,1,0,1,0.000239,0.037334,0,0,465,1,0,1,0,0,0,0,0
antoine.duvauchelle,,6,1,0,1,0.000239,0.037334,0,0,464,1,0,1,0,0,0,0,0
bevin.hunter,,6,1,0,1,0.000239,0.037334,0,0,463,1,0,1,0,0,0,0,0
bill.moore,,6,1,0,1,0.000239,0.037334,0,0,462,1,0,1,0,0,0,0,0
dan.staines,,6,1,0,1,0.000239,0.037334,0,0,461,1,0,1,0,0,0,0,0
fino.tiberi,,6,1,0,1,0.000239,0.037334,0,0,460,1,0,1,0,0,0,0,0
frank.rishe,,6,1,0,1,0.000239,0.037334,0,0,459,1,0,1,0,0,0,0,0
fred.sampaio,,6,1,0,1,0.000239,0.037334,0,0,458,1,0,1,0,0,0,0,0
germain.palmer,,6,1,0,1,0.000239,0.037334,0,0,457,1,0,1,0,0,0,0,0
gisele.braz,,6,1,0,1,0.000239,0.037334,0,0,456,1,0,1,0,0,0,0,0
gloria.ogenyi,,6,1,0,1,0.000239,0.037334,0,0,455,1,0,1,0,0,0,0,0
helen.rizzo,,6,1,0,1,0.000239,0.037334,0,0,454,1,0,1,0,0,0,0,0
jan.haizmann,,6,1,0,1,0.000239,0.037334,0,0,453,1,0,1,0,0,0,0,0
jean.dressler,,6,1,0,1,0.000239,0.037334,0,0,452,1,0,1,0,0,0,0,0
joe.allen,,6,1,0,1,0.000239,0.037334,0,0,451,1,0,1,0,0,0,0,0
justyna.ozegalska,,6,1,0,1,0.000239,0.037334,0,0,450,1,0,1,0,0,0,0,0
kara.ausenhus,,6,1,0,1,0.000239,0.037334,0,0,449,1,0,1,0,0,0,0,0
karen.huang,,6,1,0,1,0.000239,0.037334,0,0,448,1,0,1,0,0,0,0,0
kathleen.sullivan,,6,1,0,1,0.000239,0.037334,0,0,447,1,0,1,0,0,0,0,0
kerry.stroup,,6,1,0,1,0.000239,0.037334,0,0,446,1,0,1,0,0,0,0,0
kerryann.irwin,,6,1,0,1,0.000239,0.037334,0,0,445,1,0,1,0,0,0,0,0
kirsten.bellas,,6,1,0,1,0.000239,0.037334,0,0,444,1,0,1,0,0,0,0,0
l..lawrence,,6,1,0,1,0.000239,0.037334,0,0,443,1,0,1,0,0,0,0,0
lisa.assaf,,6,1,0,1,0.000239,0.037334,0,0,442,1,0,1,0,0,0,0,0
llewelyn.hughes,,6,1,0,1,0.000239,0.037334,0,0,441,1,0,1,0,0,0,0,0
lucio.reis,,6,1,0,1,0.000239,0.037334,0,0,440,1,0,1,0,0,0,0,0
lysa.tracy,,6,1,0,1,0.000239,0.037334,0,0,439,1,0,1,0,0,0,0,0
maggy.huson,,6,1,0,1,0.000239,0.037334,0,0,438,1,0,1,0,0,0,0,0
makiko.imai,,6,1,0,1,0.000239,0.037334,0,0,437,1,0,1,0,0,0,0,0
margaret.huson,,6,1,0,1,0.000239,0.037334,0,0,436,1,0,1,0,0,0,0,0
maria.arefieva,,6,1,0,1,0.000239,0.037334,0,0,435,1,0,1,0,0,0,0,0
melinda.pharms,,6,1,0,1,0.000239,0.037334,0,0,434,1,0,1,0,0,0,0,0
merle.glen,,6,1,0,1,0.000239,0.037334,0,0,433,1,0,1,0,0,0,0,0
michael.roan,,6,1,0,1,0.000239,0.037334,0,0,432,1,0,1,0,0,0,0,0
mitchell.taylor,,6,2,0,2,0.000334,0.079094,0,0,431,2,0,2,1,0,0,0,0
mustafa.hussain,,6,1,0,1,0.000239,0.037334,0,0,430,1,0,1,0,0,0,0,0
nancy.hetrick,,6,1,0,1,0.000239,0.037334,0,0,429,1,0,1,0,0,0,0,0
nick.elms,,6,1,0,1,0.000239,0.037334,0,0,428,1,0,1,0,0,0,0,0
pamela.milano,,6,1,0,1,0.000239,0.037334,0,0,427,1,0,1,0,0,0,0,0
patrick.keene,,6,1,0,1,0.000239,0.037334,0,0,426,1,0,1,0,0,0,0,0
philip.davies,,6,1,0,1,0.000239,0.037334,0,0,425,1,0,1,0,0,0,0,0
ramon.alvarez,,6,1,0,1,0.000239,0.037334,0,0,424,1,0,1,0,0,0,0,0
randy.stubbings,,6,1,0,1,0.000239,0.037334,0,0,423,1,0,1,0,0,0,0,0
rita.hartfield,,6,1,2,3,0.000239,0.037334,0,0,1151,1,2,3,1,4,0.299538,0.319873,0
roy.boston,,6,1,0,1,0.000239,0.037334,0,0,422,1,0,1,0,0,0,0,0
sam.leonardo,,6,1,0,1,0.000239,0.037334,0,0,421,1,0,1,0,0,0,0,0
samuel.leonardo,,6,1,0,1,0.000239,0.037334,0,0,420,1,0,1,0,0,0,0,0
scott.reblitz,,6,1,0,1,0.000239,0.037334,0,0,419,1,0,1,0,0,0,0,0
sergio.assad,,6,1,0,1,0.000239,0.037334,0,0,418,1,0,1,0,0,0,0,0
sharonda.stephens,,6,1,3,4,0.000239,0.037334,0,0,1151,1,3,4,1,4,0.311131,0.333896,0
stacey.bolton,,6,1,3,4,0.000239,0.037334,0,0,1151,1,3,4,1,4,0.311131,0.333896,0
stella.chan,,6,1,0,1,0.000239,0.037334,0,0,417,1,0,1,0,0,0,0,0
stephen.burns,,6,2,2,4,0.000334,0.079094,0,0,1151,2,2,4,1,4,0.304731,0.322485,0
susan.lindberg,,4,1,2,3,0.000239,0.037334,0,0,1151,1,2,3,0.333333,4,0.287736,0.302073,2119.325748
takashi.kimura,,6,1,0,1,0.000239,0.037334,0,0,416,1,0,1,0,0,0,0,0
terri.miller,,6,1,0,1,0.000239,0.037334,0,0,415,1,0,1,0,0,0,0,0
teun.van,,6,1,0,1,0.000239,0.037334,0,0,414,1,0,1,0,0,0,0,0
thane.twiggs,,6,1,3,4,0.000239,0.037334,0,0,1151,1,3,4,1,4,0.311131,0.333896,0
tom.fitzgibbon,,6,1,0,1,0.000239,0.037334,0,0,413,1,0,1,0,0,0,0,0
tom.hoatson,,6,1,2,3,0.000239,0.037334,0,0,1151,1,2,3,1,4,0.299538,0.319873,0
vinio.floris,,6,1,0,1,0.000239,0.037334,0,0,412,1,0,1,0,0,0,0,0
w..delainey,,6,1,0,1,0.000239,0.037334,0,0,411,1,0,1,0,0,0,0,0
xi.xi,,6,1,2,3,0.000239,0.037334,0,0,1151,1,2,3,1,4,0.299538,0.319873,0
bradford.larson,,2,1,0,1,0.000312,0.021156,0,0,1150,1,0,1,0,0,0,0,0
david.crews,,2,1,0,1,0.000312,0.021156,0,0,1149,1,0,1,0,0,0,0,0
james.hachen,,2,1,0,1,0.000312,0.021156,0,0,1148,1,0,1,0,0,0,0,0
k..heathman,,2,1,0,1,0.000312,0.021156,0,0,1147,1,0,1,0,0,0,0,0
karen.barbour,,2,1,0,1,0.000312,0.021156,0,0,1146,1,0,1,0,0,0,0,0
karen.heathman,,2,1,0,1,0.000312,0.021156,0,0,1145,1,0,1,0,0,0,0,0
rick.carson,,2,1,0,1,0.000312,0.021156,0,0,1144,1,0,1,0,0,0,0,0
shona.wilson,,4,2,7,9,0.00034,0.049011,0,0,1151,2,7,9,0.714286,4,0.36773,0.393925,341.153699
stephanie.mcginnis,,2,1,0,1,0.000312,0.021156,0,0,1143,1,0,1,0,0,0,0,0
steve.young,,2,1,1,2,0.000312,0.021156,0,0,1151,1,1,2,0,5,0.268722,0.278126,0
wbradfo,,2,1,0,1,0.000312,0.021156,0,0,1142,1,0,1,0,0,0,0,0
rick.dietz,,0,1,1,2,0.000219,0.012282,0,0,1151,1,1,2,0,5,0.270863,0.285431,0
ricki.winters,,0,1,1,2,0.000219,0.012282,0,0,1151,1,1,2,0,5,0.270863,0.285431,0
rob.cone,,6,0,1,1,0.000167,0,0,0,1377,0,1,1,0,4,0.289724,0.305582,0
robbi.rossi,,5,1,1,2,0.000246,0.035042,0,0,1151,1,1,2,0,5,0.269806,0.287825,0
robert.cass,,5,1,2,3,0.000246,0.035042,0,0,1151,1,2,3,1,5,0.273362,0.293812,0
robert.hill,,0,1,1,2,0.000219,0.012282,0,0,1151,1,1,2,1,5,0.255955,0.265293,0
robert.johnston,,1,0,9,9,0.000167,0,0,0,1378,0,9,9,0.555556,4,0.362319,0.38747,0
robin.jordan,,5,0,1,1,0.000167,0,0,0,1379,0,1,1,0,5,0.26647,0.280562,0
robin.kittel,,6,1,1,2,0.000261,0.04176,0,0,1151,1,1,2,1,4,0.289705,0.305569,0
rockford.meyer,,0,1,1,2,0.000219,0.012282,0,0,1151,1,1,2,1,5,0.255955,0.265293,0
a..lindholm,,0,1,0,1,0.000304,0.007465,0,0,141,1,0,1,0,0,0,0,0
bob.butts,,0,2,0,2,0.00042,0.036312,0,0,140,2,0,2,0,0,0,0,0
dan.fancler,,0,1,0,1,0.000304,0.007465,0,0,56,1,0,1,0,0,0,0,0
dave.waymire,,0,1,0,1,0.000304,0.007465,0,0,55,1,0,1,0,0,0,0,0
e..sommers,,0,1,0,1,0.000304,0.007465,0,0,54,1,0,1,0,0,0,0,0
harry.walters,,0,1,0,1,0.000304,0.007465,0,0,53,1,0,1,0,0,0,0,0
jayshree.desai,,0,2,0,2,0.000356,0.019747,0,0,52,2,0,2,1,0,0,0,0
john.cobb,,0,1,0,1,0.000304,0.007465,0,0,50,1,0,1,0,0,0,0,0
john.jesse,,0,1,0,1,0.000304,0.007465,0,0,49,1,0,1,0,0,0,0,0
keith.marlow,,0,1,0,1,0.000304,0.007465,0,0,48,1,0,1,0,0,0,0,0
lawrence.clayton,,0,1,0,1,0.000304,0.007465,0,0,47,1,0,1,0,0,0,0,0
lisa.sutton,,0,1,0,1,0.000304,0.007465,0,0,46,1,0,1,0,0,0,0,0
michael.anderson,,0,1,0,1,0.000304,0.007465,0,0,45,1,0,1,0,0,0,0,0
mitch.taylor,,0,1,0,1,0.000304,0.007465,0,0,44,1,0,1,0,0,0,0,0
patricia.wiederholt,,0,1,0,1,0.000304,0.007465,0,0,43,1,0,1,0,0,0,0,0
sarah.taylor,,0,1,1,2,0.000304,0.007465,0,0,1151,1,1,2,0,6,0.234881,0.245251,0
steve.gilbert,,0,1,1,2,0.000304,0.007465,0,0,1151,1,1,2,0,6,0.234881,0.245251,0
steve.kleb,,0,1,0,1,0.000304,0.007465,0,0,42,1,0,1,0,0,0,0,0
tracy.geaccone,,0,2,1,3,0.000356,0.019747,0,0,1151,2,1,3,1,6,0.234881,0.245251,0
rodney.malcolm,,5,1,1,2,0.000283,0.028847,0,0,1151,1,1,2,0,5,0.26641,0.280456,0
rodrigo.lamas,,7,0,1,1,0.000167,0,0,0,1380,0,1,1,0,5,0.290942,0.305229,0
ron.coker,,6,0,2,2,0.000167,0,0,0,1381,0,2,2,0,4,0.301467,0.321205,0
ron.nolte,,3,0,1,1,0.000167,0,0,0,1382,0,1,1,0,5,0.304029,0.334884,0
ruby.kyser,,5,0,1,1,0.000167,0,0,0,1383,0,1,1,0,5,0.269866,0.287928,0
russell.tucker,,0,0,1,1,0.000167,0,0,0,1384,0,1,1,0,5,0.270923,0.285534,0
ruth.brown,,0,0,10,10,0.000167,0,0,0,1385,0,10,10,0.466667,4,0.358377,0.377952,0
ruth.mann,,0,0,2,2,0.000167,0,0,0,1386,0,2,2,1,5,0.272274,0.288747,0
ryan.siurek,,5,1,1,2,0.000283,0.028847,0,0,1151,1,1,2,0,5,0.26641,0.280456,0
s..theriot,,5,2,1,3,0.000362,0.063889,0,0,1151,2,1,3,1,5,0.26641,0.280456,0
a..allen,,3,1,0,1,0.000194,0.027855,0,0,873,1,0,1,0,0,0,0,0
a..price,,3,1,0,1,0.000194,0.027855,0,0,872,1,0,1,0,0,0,0,0
adam.metry,,3,1,0,1,0.000194,0.027855,0,0,871,1,0,1,0,0,0,0,0
aimee.lannou,,3,1,0,1,0.000194,0.027855,0,0,870,1,0,1,0,0,0,0,0
alan.engberg,,3,1,0,1,0.000194,0.027855,0,0,869,1,0,1,0,0,0,0,0
alex.saldana,,3,1,0,1,0.000194,0.027855,0,0,868,1,0,1,0,0,0,0,0
alicia.perkins,,3,1,0,1,0.000194,0.027855,0,0,867,1,0,1,0,0,0,0,0
amelia.alland,,3,1,0,1,0.000194,0.027855,0,0,866,1,0,1,0,0,0,0,0
ami.chokshi,,3,1,0,1,0.000194,0.027855,0,0,865,1,0,1,0,0,0,0,0
amy.degeyter,,3,1,0,1,0.000194,0.027855,0,0,864,1,0,1,0,0,0,0,0
ana.correa,,3,1,0,1,0.000194,0.027855,0,0,863,1,0,1,0,0,0,0,0
ana.rizvi,,3,1,0,1,0.000194,0.027855,0,0,862,1,0,1,0,0,0,0,0
andrea.dahlke,,3,1,0,1,0.000194,0.027855,0,0,861,1,0,1,0,0,0,0,0
andrea.guillen,,5,2,0,2,0.000274,0.062897,0,0,860,2,0,2,0,0,0,0,0
angie.zeman,,3,1,0,1,0.000194,0.027855,0,0,859,1,0,1,0,0,0,0,0
anne.bike,,3,1,0,1,0.000194,0.027855,0,0,858,1,0,1,0,0,0,0,0
ashley.worthing,,3,1,0,1,0.000194,0.027855,0,0,857,1,0,1,0,0,0,0,0
avril.forster,,3,1,0,1,0.000194,0.027855,0,0,856,1,0,1,0,0,0,0,0
b.palmer,,3,1,0,1,0.000194,0.027855,0,0,855,1,0,1,0,0,0,0,0
bennett.kaufman,,3,1,0,1,0.000194,0.027855,0,0,854,1,0,1,0,0,0,0,0
bernard.dahanayake,,3,1,0,1,0.000194,0.027855,0,0,853,1,0,1,0,0,0,0,0
beverly.beaty,,3,1,0,1,0.000194,0.027855,0,0,851,1,0,1,0,0,0,0,0
bill.rust,,3,1,0,1,0.000194,0.027855,0,0,850,1,0,1,0,0,0,0,0
bill.white,,3,1,0,1,0.000194,0.027855,0,0,849,1,0,1,0,0,0,0,0
bob.klein,,3,1,0,1,0.000194,0.027855,0,0,847,1,0,1,0,0,0,0,0
brad.carey,,3,1,0,1,0.000194,0.027855,0,0,846,1,0,1,0,0,0,0,0
braedi.craig,,3,1,0,1,0.000194,0.027855,0,0,845,1,0,1,0,0,0,0,0
brenda.everett,,3,1,0,1,0.000194,0.027855,0,0,844,1,0,1,0,0,0,0,0
brenda.fletcher,,3,1,0,1,0.000194,0.027855,0,0,843,1,0,1,0,0,0,0,0
brian.wesneske,,3,1,0,1,0.000194,0.027855,0,0,842,1,0,1,0,0,0,0,0
bruce.mills,,3,1,0,1,0.000194,0.027855,0,0,841,1,0,1,0,0,0,0,0
bryce.baxter,,5,2,0,2,0.000274,0.062897,0,0,840,2,0,2,0,0,0,0,0
carlos.rodriguez,,3,1,0,1,0.000194,0.027855,0,0,839,1,0,1,0,0,0,0,0
carolyn.gilley,,3,1,0,1,0.000194,0.027855,0,0,838,1,0,1,0,0,0,0,0
carrie.hollomon,,3,1,0,1,0.000194,0.027855,0,0,837,1,0,1,0,0,0,0,0
carrie.southard,,5,2,0,2,0.000274,0.062897,0,0,836,2,0,2,0,0,0,0,0
casey.evans,,3,1,0,1,0.000194,0.027855,0,0,835,1,0,1,0,0,0,0,0
cassandra.moses,,3,1,0,1,0.000194,0.027855,0,0,834,1,0,1,0,0,0,0,0
cathy.torre,,3,1,0,1,0.000194,0.027855,0,0,833,1,0,1,0,0,0,0,0
cecilia.olvera,,3,1,0,1,0.000194,0.027855,0,0,832,1,0,1,0,0,0,0,0
chad.ihrig,,3,1,0,1,0.000194,0.027855,0,0,831,1,0,1,0,0,0,0,0
chad.pennix,,3,1,0,1,0.000194,0.027855,0,0,830,1,0,1,0,0,0,0,0
chad.south,,3,1,0,1,0.000194,0.027855,0,0,829,1,0,1,0,0,0,0,0
chantelle.villanueva,,3,1,0,1,0.000194,0.027855,0,0,828,1,0,1,0,0,0,0,0
charlene.richmond,,3,1,0,1,0.000194,0.027855,0,0,827,1,0,1,0,0,0,0,0
charles.muzzy,,3,1,0,1,0.000194,0.027855,0,0,826,1,0,1,0,0,0,0,0
cheryl.ingstad,,3,1,0,1,0.000194,0.027855,0,0,825,1,0,1,0,0,0,0,0
chevondra.auzenne,,3,1,0,1,0.000194,0.027855,0,0,824,1,0,1,0,0,0,0,0
chris.ordway,,3,1,0,1,0.000194,0.027855,0,0,823,1,0,1,0,0,0,0,0
christian.lebroc,,3,1,0,1,0.000194,0.027855,0,0,822,1,0,1,0,0,0,0,0
christina.sanchez,,3,1,0,1,0.000194,0.027855,0,0,821,1,0,1,0,0,0,0,0
christopher.kravas,,3,1,0,1,0.000194,0.027855,0,0,820,1,0,1,0,0,0,0,0
cindy.vachuska,,3,1,0,1,0.000194,0.027855,0,0,819,1,0,1,0,0,0,0,0
clara.carrington,,3,1,0,1,0.000194,0.027855,0,0,818,1,0,1,0,0,0,0,0
clarissa.garcia,,1,2,0,2,0.000338,0.044173,0,0,487,2,0,2,0.5,0,0,0,0
claudia.clark,,3,1,0,1,0.000194,0.027855,0,0,817,1,0,1,0,0,0,0,0
claudia.guerra,,3,1,0,1,0.000194,0.027855,0,0,816,1,0,1,0,0,0,0,0
claudio.ribeiro,,3,1,0,1,0.000194,0.027855,0,0,815,1,0,1,0,0,0,0,0
clinton.comeaux,,3,1,0,1,0.000194,0.027855,0,0,812,1,0,1,0,0,0,0,0
cora.pendergrass,,3,1,0,1,0.000194,0.027855,0,0,811,1,0,1,0,0,0,0,0
corry.bentley,,3,1,0,1,0.000194,0.027855,0,0,810,1,0,1,0,0,0,0,0
craig.story,,3,1,0,1,0.000194,0.027855,0,0,809,1,0,1,0,0,0,0,0
cynthia.gin,,3,1,0,1,0.000194,0.027855,0,0,808,1,0,1,0,0,0,0,0
cynthia.shoup,,3,1,0,1,0.000194,0.027855,0,0,807,1,0,1,0,0,0,0,0
d..gros,,3,1,0,1,0.000194,0.027855,0,0,806,1,0,1,0,0,0,0,0
d..winfree,,3,1,0,1,0.000194,0.027855,0,0,805,1,0,1,0,0,0,0,0
dan.prudenti,,3,1,0,1,0.000194,0.027855,0,0,804,1,0,1,0,0,0,0,0
daniel.haynes,,3,1,0,1,0.000194,0.027855,0,0,802,1,0,1,0,0,0,0,0
daniel.lisk,,3,1,0,1,0.000194,0.027855,0,0,801,1,0,1,0,0,0,0,0
daniele.crelin,,3,1,0,1,0.000194,0.027855,0,0,800,1,0,1,0,0,0,0,0
daren.farmer,,3,1,0,1,0.000194,0.027855,0,0,799,1,0,1,0,0,0,0,0
darron.giron,,3,1,0,1,0.000194,0.027855,0,0,798,1,0,1,0,0,0,0,0
dart.arnaez,,3,1,0,1,0.000194,0.027855,0,0,797,1,0,1,0,0,0,0,0
david.loosley,,3,1,0,1,0.000194,0.027855,0,0,796,1,0,1,0,0,0,0,0
dawn.kenne,,3,1,0,1,0.000194,0.027855,0,0,795,1,0,1,0,0,0,0,0
dean.laurent,,3,1,0,1,0.000194,0.027855,0,0,794,1,0,1,0,0,0,0,0
diane.cook,,3,1,0,1,0.000194,0.027855,0,0,793,1,0,1,0,0,0,0,0
dianne.swiber,,3,1,0,1,0.000194,0.027855,0,0,792,1,0,1,0,0,0,0,0
donna.consemiu,,3,1,0,1,0.000194,0.027855,0,0,790,1,0,1,0,0,0,0,0
donna.greif,,3,1,0,1,0.000194,0.027855,0,0,789,1,0,1,0,0,0,0,0
dutch.quigley,,5,2,0,2,0.000274,0.062897,0,0,788,2,0,2,0,0,0,0,0
eduardo.gil,,3,1,0,1,0.000194,0.027855,0,0,787,1,0,1,0,0,0,0,0
edward.terry,,1,2,0,2,0.000338,0.044173,0,0,484,2,0,2,0.5,0,0,0,0
elizabeth.hernandez,,3,1,0,1,0.000194,0.027855,0,0,786,1,0,1,0,0,0,0,0
elsa.piekielniak,,3,1,0,1,0.000194,0.027855,0,0,785,1,0,1,0,0,0,0,0
elsie.lew,,3,1,0,1,0.000194,0.027855,0,0,784,1,0,1,0,0,0,0,0
elyse.kalmans,,3,1,0,1,0.000194,0.027855,0,0,783,1,0,1,0,0,0,0,0
eric.groves,,3,1,0,1,0.000194,0.027855,0,0,781,1,0,1,0,0,0,0,0
eric.tipp,,3,1,0,1,0.000194,0.027855,0,0,779,1,0,1,0,0,0,0,0
erik.deadwyler,,3,1,0,1,0.000194,0.027855,0,0,778,1,0,1,0,0,0,0,0
erik.simpson,,3,1,0,1,0.000194,0.027855,0,0,777,1,0,1,0,0,0,0,0
errol.mclaughlin,,3,1,0,1,0.000194,0.027855,0,0,776,1,0,1,0,0,0,0,0
erwin.landivar,,3,1,0,1,0.000194,0.027855,0,0,775,1,0,1,0,0,0,0,0
evelyn.aucoin,,3,1,0,1,0.000194,0.027855,0,0,774,1,0,1,0,0,0,0,0
expense.report,,3,1,0,1,0.000194,0.027855,0,0,773,1,0,1,0,0,0,0,0
f..brawner,,1,2,0,2,0.000338,0.044173,0,0,483,2,0,2,0.5,0,0,0,0
f..keavey,,3,1,0,1,0.000194,0.027855,0,0,772,1,0,1,0,0,0,0,0
faye.ellis,,3,1,0,1,0.000194,0.027855,0,0,771,1,0,1,0,0,0,0,0
federico.cerisoli,,3,1,0,1,0.000194,0.027855,0,0,770,1,0,1,0,0,0,0,0
frank.economou,,3,1,0,1,0.000194,0.027855,0,0,769,1,0,1,0,0,0,0,0
frank.jesus,,3,1,0,1,0.000194,0.027855,0,0,767,1,0,1,0,0,0,0,0
frank.prejean,,3,1,0,1,0.000194,0.027855,0,0,766,1,0,1,0,0,0,0,0
gary.payne,,3,1,0,1,0.000194,0.027855,0,0,765,1,0,1,0,0,0,0,0
george.grant,,3,1,0,1,0.000194,0.027855,0,0,763,1,0,1,0,0,0,0,0
george.smith,,3,1,0,1,0.000194,0.027855,0,0,762,1,0,1,0,0,0,0,0
gerald.gilbert,,3,1,0,1,0.000194,0.027855,0,0,761,1,0,1,0,0,0,0,0
gerri.gosnell,,3,1,0,1,0.000194,0.027855,0,0,760,1,0,1,0,0,0,0,0
glenn.surowiec,,3,1,0,1,0.000194,0.027855,0,0,759,1,0,1,0,0,0,0,0
gloria.barkowsky,,3,1,0,1,0.000194,0.027855,0,0,758,1,0,1,0,0,0,0,0
grant.zimmerman,,3,1,0,1,0.000194,0.027855,0,0,757,1,0,1,0,0,0,0,0
greg.hermans,,3,1,0,1,0.000194,0.027855,0,0,756,1,0,1,0,0,0,0,0
greg.woulfe,,3,1,0,1,0.000194,0.027855,0,0,755,1,0,1,0,0,0,0,0
gregory.mausser,,3,1,0,1,0.000194,0.027855,0,0,754,1,0,1,0,0,0,0,0
gretchen.lotz,,3,1,0,1,0.000194,0.027855,0,0,753,1,0,1,0,0,0,0,0
gretel.smith,,3,1,0,1,0.000194,0.027855,0,0,752,1,0,1,0,0,0,0,0
gustavo.junqueira,,3,1,0,1,0.000194,0.027855,0,0,751,1,0,1,0,0,0,0,0
gwynn.gorsuch,,3,1,0,1,0.000194,0.027855,0,0,750,1,0,1,0,0,0,0,0
h..lewis,,3,1,0,1,0.000194,0.027855,0,0,749,1,0,1,0,0,0,0,0
howard.camp,,3,1,0,1,0.000194,0.027855,0,0,748,1,0,1,0,0,0,0,0
huy.dinh,,3,1,0,1,0.000194,0.027855,0,0,747,1,0,1,0,0,0,0,0
ina.norman,,3,1,0,1,0.000194,0.027855,0,0,746,1,0,1,0,0,0,0,0
inderpal.singh,,3,1,0,1,0.000194,0.027855,0,0,745,1,0,1,0,0,0,0,0
irena.hogan,,3,1,0,1,0.000194,0.027855,0,0,744,1,0,1,0,0,0,0,0
israel.estrada,,3,1,0,1,0.000194,0.027855,0,0,743,1,0,1,0,0,0,0,0
j..brewer,,3,1,0,1,0.000194,0.027855,0,0,742,1,0,1,0,0,0,0,0
j..broderick,,3,1,0,1,0.000194,0.027855,0,0,741,1,0,1,0,0,0,0,0
j..farmer,,3,1,0,1,0.000194,0.027855,0,0,740,1,0,1,0,0,0,0,0
j..gasper,,3,1,0,1,0.000194,0.027855,0,0,739,1,0,1,0,0,0,0,0
j..weaver,,3,1,0,1,0.000194,0.027855,0,0,737,1,0,1,0,0,0,0,0
jackie.young,,3,1,0,1,0.000194,0.027855,0,0,736,1,0,1,0,0,0,0,0
jackson.logan,,3,1,0,1,0.000194,0.027855,0,0,735,1,0,1,0,0,0,0,0
jacqueline.adams,,3,1,0,1,0.000194,0.027855,0,0,734,1,0,1,0,0,0,0,0
jae.black,,3,1,0,1,0.000194,0.027855,0,0,733,1,0,1,0,0,0,0,0
jaime.gualy,,3,1,0,1,0.000194,0.027855,0,0,732,1,0,1,0,0,0,0,0
james.posway,,3,1,0,1,0.000194,0.027855,0,0,731,1,0,1,0,0,0,0,0
james.row,,3,1,0,1,0.000194,0.027855,0,0,730,1,0,1,0,0,0,0,0
jan.sutherland,,3,1,0,1,0.000194,0.027855,0,0,729,1,0,1,0,0,0,0,0
janie.aguayo,,5,2,0,2,0.000274,0.062897,0,0,728,2,0,2,0,0,0,0,0
jason.beckstead,,3,1,0,1,0.000194,0.027855,0,0,727,1,0,1,0,0,0,0,0
jason.choate,,3,1,0,1,0.000194,0.027855,0,0,726,1,0,1,0,0,0,0,0
jason.harding,,3,1,0,1,0.000194,0.027855,0,0,725,1,0,1,0,0,0,0,0
jason.moore,,5,2,0,2,0.000274,0.062897,0,0,724,2,0,2,0,0,0,0,0
jason.wolfe,,3,1,0,1,0.000194,0.027855,0,0,723,1,0,1,0,0,0,0,0
jay.epstein,,3,1,0,1,0.000194,0.027855,0,0,722,1,0,1,0,0,0,0,0
jean.bell,,5,2,0,2,0.000274,0.062897,0,0,720,2,0,2,0,0,0,0,0
jeanne.wukasch,,3,1,0,1,0.000194,0.027855,0,0,719,1,0,1,0,0,0,0,0
jeff.davis,,3,1,0,1,0.000194,0.027855,0,0,718,1,0,1,0,0,0,0,0
jeff.royed,,3,1,0,1,0.000194,0.027855,0,0,716,1,0,1,0,0,0,0,0
jeff.westover,,3,1,0,1,0.000194,0.027855,0,0,715,1,0,1,0,0,0,0,0
jennifer.jordan,,3,1,0,1,0.000194,0.027855,0,0,714,1,0,1,0,0,0,0,0
jennifer.nguyen,,3,1,0,1,0.000194,0.027855,0,0,713,1,0,1,0,0,0,0,0
jenny.latham,,3,1,0,1,0.000194,0.027855,0,0,712,1,0,1,0,0,0,0,0
jerry.newton,,3,1,0,1,0.000194,0.027855,0,0,711,1,0,1,0,0,0,0,0
jesse.villarreal,,3,1,0,1,0.000194,0.027855,0,0,710,1,0,1,0,0,0,0,0
jessica.white,,3,1,0,1,0.000194,0.027855,0,0,709,1,0,1,0,0,0,0,0
jim.goughary,,5,2,0,2,0.000274,0.062897,0,0,708,2,0,2,0,0,0,0,0
joann.collins,,3,1,0,1,0.000194,0.027855,0,0,707,1,0,1,0,0,0,0,0
joe.casas,,5,2,0,2,0.000274,0.062897,0,0,706,2,0,2,0,0,0,0,0
joe.errigo,,3,1,0,1,0.000194,0.027855,0,0,705,1,0,1,0,0,0,0,0
joe.stepenovitch,,3,1,0,1,0.000194,0.027855,0,0,702,1,0,1,0,0,0,0,0
joel.bennett,,3,1,0,1,0.000194,0.027855,0,0,701,1,0,1,0,0,0,0,0
joel.henenberg,,3,1,0,1,0.000194,0.027855,0,0,700,1,0,1,0,0,0,0,0
joey.taylor,,3,1,0,1,0.000194,0.027855,0,0,699,1,0,1,0,0,0,0,0
john.ashman,,3,1,0,1,0.000194,0.027855,0,0,698,1,0,1,0,0,0,0,0
john.daniel,,3,1,0,1,0.000194,0.027855,0,0,697,1,0,1,0,0,0,0,0
john.griffith,,1,2,0,2,0.000338,0.044173,0,0,478,2,0,2,0.5,0,0,0,0
john.jacobsen,,3,1,0,1,0.000194,0.027855,0,0,696,1,0,1,0,0,0,0,0
john.kinser,,3,1,0,1,0.000194,0.027855,0,0,695,1,0,1,0,0,0,0,0
john.massey,,3,1,0,1,0.000194,0.027855,0,0,694,1,0,1,0,0,0,0,0
john.paskin,,3,1,0,1,0.000194,0.027855,0,0,693,1,0,1,0,0,0,0,0
john.valdes,,3,1,0,1,0.000194,0.027855,0,0,692,1,0,1,0,0,0,0,0
john.wilson,,5,2,0,2,0.000274,0.062897,0,0,691,2,0,2,0,0,0,0,0
jon.lewis,,3,1,0,1,0.000194,0.027855,0,0,690,1,0,1,0,0,0,0,0
jonathan.whitehead,,3,1,0,1,0.000194,0.027855,0,0,689,1,0,1,0,0,0,0,0
juan.pazos,,3,1,0,1,0.000194,0.027855,0,0,687,1,0,1,0,0,0,0,0
juana.fayett,,3,1,0,1,0.000194,0.027855,0,0,686,1,0,1,0,0,0,0,0
judy.hernandez,,3,1,0,1,0.000194,0.027855,0,0,685,1,0,1,0,0,0,0,0
julie.love,,3,1,0,1,0.000194,0.027855,0,0,684,1,0,1,0,0,0,0,0
julie.meyers,,5,2,0,2,0.000274,0.062897,0,0,683,2,0,2,0,0,0,0,0
jun.wang,,3,1,0,1,0.000194,0.027855,0,0,682,1,0,1,0,0,0,0,0
justin.chola,,3,1,0,1,0.000194,0.027855,0,0,681,1,0,1,0,0,0,0,0
karie.hastings,,3,1,0,1,0.000194,0.027855,0,0,680,1,0,1,0,0,0,0,0
katherine.kelly,,3,1,0,1,0.000194,0.027855,0,0,679,1,0,1,0,0,0,0,0
kathleen.speer,,3,1,0,1,0.000194,0.027855,0,0,678,1,0,1,0,0,0,0,0
kathy.reeves,,3,1,0,1,0.000194,0.027855,0,0,677,1,0,1,0,0,0,0,0
katrina.johnson,,3,1,0,1,0.000194,0.027855,0,0,676,1,0,1,0,0,0,0,0
kelley.huntley,,3,1,0,1,0.000194,0.027855,0,0,674,1,0,1,0,0,0,0,0
kellie.bilski,,3,1,0,1,0.000194,0.027855,0,0,673,1,0,1,0,0,0,0,0
kelly.summers,,3,1,0,1,0.000194,0.027855,0,0,672,1,0,1,0,0,0,0,0
kelly.templeton,,3,1,0,1,0.000194,0.027855,0,0,671,1,0,1,0,0,0,0,0
kent.castleman,,3,1,0,1,0.000194,0.027855,0,0,670,1,0,1,0,0,0,0,0
kevin.brady,,3,1,0,1,0.000194,0.027855,0,0,669,1,0,1,0,0,0,0,0
kevin.drachenberg,,3,1,0,1,0.000194,0.027855,0,0,668,1,0,1,0,0,0,0,0
kim.durham,,3,1,0,1,0.000194,0.027855,0,0,667,1,0,1,0,0,0,0,0
kim.stanley,,3,1,0,1,0.000194,0.027855,0,0,666,1,0,1,0,0,0,0,0
kimberly.allen,,5,2,0,2,0.000274,0.062897,0,0,665,2,0,2,0,0,0,0,0
kimberly.olinger,,3,1,0,1,0.000194,0.027855,0,0,664,1,0,1,0,0,0,0,0
kimberly.perkins,,3,1,0,1,0.000194,0.027855,0,0,663,1,0,1,0,0,0,0,0
kirk.lenart,,3,1,0,1,0.000194,0.027855,0,0,662,1,0,1,0,0,0,0,0
kori.loibl,,3,1,0,1,0.000194,0.027855,0,0,661,1,0,1,0,0,0,0,0
kristen.hanson,,3,1,0,1,0.000194,0.027855,0,0,660,1,0,1,0,0,0,0,0
kristin.albrecht,,3,1,0,1,0.000194,0.027855,0,0,659,1,0,1,0,0,0,0,0
l..day,,3,1,0,1,0.000194,0.027855,0,0,658,1,0,1,0,0,0,0,0
l..dinari,,3,1,0,1,0.000194,0.027855,0,0,657,1,0,1,0,0,0,0,0
l..gay,,3,1,0,1,0.000194,0.027855,0,0,656,1,0,1,0,0,0,0,0
l..mims,,3,1,0,1,0.000194,0.027855,0,0,655,1,0,1,0,0,0,0,0
l..morris,,3,1,0,1,0.000194,0.027855,0,0,654,1,0,1,0,0,0,0,0
l..nowlan,,3,1,0,1,0.000194,0.027855,0,0,653,1,0,1,0,0,0,0,0
l..schrab,,3,1,0,1,0.000194,0.027855,0,0,652,1,0,1,0,0,0,0,0
larry.campbell,,3,1,0,1,0.000194,0.027855,0,0,651,1,0,1,0,0,0,0,0
larry.cash,,3,1,0,1,0.000194,0.027855,0,0,650,1,0,1,0,0,0,0,0
larry.gagliardi,,5,2,0,2,0.000274,0.062897,0,0,649,2,0,2,0,0,0,0,0
laura.dewett,,3,1,0,1,0.000194,0.027855,0,0,648,1,0,1,0,0,0,0,0
laurel.bolt,,3,1,0,1,0.000194,0.027855,0,0,645,1,0,1,0,0,0,0,0
lee.jackson,,3,1,0,1,0.000194,0.027855,0,0,644,1,0,1,0,0,0,0,0
lenny.hochschild,,3,1,0,1,0.000194,0.027855,0,0,643,1,0,1,0,0,0,0,0
leslie.smith,,3,1,0,1,0.000194,0.027855,0,0,642,1,0,1,0,0,0,0,0
lia.halstead,,3,1,0,1,0.000194,0.027855,0,0,641,1,0,1,0,0,0,0,0
linda.ewing,,3,1,0,1,0.000194,0.027855,0,0,640,1,0,1,0,0,0,0,0
lisa.burnett,,3,1,0,1,0.000194,0.027855,0,0,639,1,0,1,0,0,0,0,0
lisa.csikos,,3,1,0,1,0.000194,0.027855,0,0,638,1,0,1,0,0,0,0,0
lisa.kinsey,,3,1,0,1,0.000194,0.027855,0,0,637,1,0,1,0,0,0,0,0
lisa.shoemake,,3,1,0,1,0.000194,0.027855,0,0,636,1,0,1,0,0,0,0,0
lisa.trofholz,,3,1,0,1,0.000194,0.027855,0,0,635,1,0,1,0,0,0,0,0
lisa.vitali,,3,1,0,1,0.000194,0.027855,0,0,634,1,0,1,0,0,0,0,0
london.brown,,3,1,0,1,0.000194,0.027855,0,0,633,1,0,1,0,0,0,0,0
lori.haney,,3,1,0,1,0.000194,0.027855,0,0,632,1,0,1,0,0,0,0,0
lorraine.becker,,5,2,0,2,0.000274,0.062897,0,0,631,2,0,2,0,0,0,0,0
lynn.tippery,,3,1,0,1,0.000194,0.027855,0,0,630,1,0,1,0,0,0,0,0
m..elliott,,3,1,0,1,0.000194,0.027855,0,0,629,1,0,1,0,0,0,0,0
m..forney,,3,1,0,1,0.000194,0.027855,0,0,628,1,0,1,0,0,0,0,0
m..grace,,3,1,0,1,0.000194,0.027855,0,0,627,1,0,1,0,0,0,0,0
marc.wharton,,3,1,0,1,0.000194,0.027855,0,0,626,1,0,1,0,0,0,0,0
margie.straight,,3,1,0,1,0.000194,0.027855,0,0,625,1,0,1,0,0,0,0,0
maria.sandoval,,3,1,0,1,0.000194,0.027855,0,0,624,1,0,1,0,0,0,0,0
maria.valdes,,3,1,0,1,0.000194,0.027855,0,0,623,1,0,1,0,0,0,0,0
mario.de,,3,1,0,1,0.000194,0.027855,0,0,622,1,0,1,0,0,0,0,0
mark.friedman,,3,1,0,1,0.000194,0.027855,0,0,621,1,0,1,0,0,0,0,0
mark.schrab,,3,1,0,1,0.000194,0.027855,0,0,620,1,0,1,0,0,0,0,0
mark.thorne,,3,1,0,1,0.000194,0.027855,0,0,619,1,0,1,0,0,0,0,0
marlo.james,,3,1,0,1,0.000194,0.027855,0,0,618,1,0,1,0,0,0,0,0
martha.stevens,,3,1,0,1,0.000194,0.027855,0,0,617,1,0,1,0,0,0,0,0
martin.bucknell,,3,1,0,1,0.000194,0.027855,0,0,616,1,0,1,0,0,0,0,0
martin.sonesson,,3,1,0,1,0.000194,0.027855,0,0,615,1,0,1,0,0,0,0,0
mary.franklin,,3,1,0,1,0.000194,0.027855,0,0,614,1,0,1,0,0,0,0,0
mary.gosnell,,5,3,0,3,0.00039,0.091743,0,0,613,3,0,3,0.333333,0,0,0,0
mary.smith,,3,1,0,1,0.000194,0.027855,0,0,612,1,0,1,0,0,0,0,0
matthew.arnold,,3,1,0,1,0.000194,0.027855,0,0,610,1,0,1,0,0,0,0,0
matthew.lippert,,3,1,0,1,0.000194,0.027855,0,0,609,1,0,1,0,0,0,0,0
max.doner,,3,1,0,1,0.000194,0.027855,0,0,608,1,0,1,0,0,0,0,0
mechelle.stevens,,5,2,0,2,0.000274,0.062897,0,0,607,2,0,2,0,0,0,0,0
melba.bowen,,3,1,0,1,0.000194,0.027855,0,0,606,1,0,1,0,0,0,0,0
melissa.ratnala,,3,1,0,1,0.000194,0.027855,0,0,605,1,0,1,0,0,0,0,0
melissa.rodriguez,,5,2,0,2,0.000274,0.062897,0,0,604,2,0,2,0,0,0,0,0
meredith.homco,,3,1,0,1,0.000194,0.027855,0,0,603,1,0,1,0,0,0,0,0
meredith.mitchell,,3,1,0,1,0.000194,0.027855,0,0,602,1,0,1,0,0,0,0,0
michael.benien,,3,1,0,1,0.000194,0.027855,0,0,601,1,0,1,0,0,0,0,0
michael.mattox,,3,1,0,1,0.000194,0.027855,0,0,600,1,0,1,0,0,0,0,0
michael.nguyen,,3,1,0,1,0.000194,0.027855,0,0,599,1,0,1,0,0,0,0,0
michael.olsen,,3,1,0,1,0.000194,0.027855,0,0,598,1,0,1,0,0,0,0,0
michael.walters,,3,1,0,1,0.000194,0.027855,0,0,597,1,0,1,0,0,0,0,0
michelle.bruce,,3,1,0,1,0.000194,0.027855,0,0,596,1,0,1,0,0,0,0,0
miguel.garcia,,3,1,0,1,0.000194,0.027855,0,0,595,1,0,1,0,0,0,0,0
miguel.vasquez,,3,1,0,1,0.000194,0.027855,0,0,594,1,0,1,0,0,0,0,0
mike.arendes,,3,1,0,1,0.000194,0.027855,0,0,593,1,0,1,0,0,0,0,0
mike.perun,,3,1,0,1,0.000194,0.027855,0,0,591,1,0,1,0,0,0,0,0
mike.tamm,,3,1,0,1,0.000194,0.027855,0,0,590,1,0,1,0,0,0,0,0
mog.heu,,3,1,0,1,0.000194,0.027855,0,0,589,1,0,1,0,0,0,0,0
molly.johnson,,3,1,0,1,0.000194,0.027855,0,0,588,1,0,1,0,0,0,0,0
monte.jones,,3,1,0,1,0.000194,0.027855,0,0,587,1,0,1,0,0,0,0,0
natalie.baker,,3,1,0,1,0.000194,0.027855,0,0,586,1,0,1,0,0,0,0,0
nick.hiemstra,,3,1,0,1,0.000194,0.027855,0,0,585,1,0,1,0,0,0,0,0
nick.zacouras,,3,1,0,1,0.000194,0.027855,0,0,584,1,0,1,0,0,0,0,0
nicole.palczer,,3,1,0,1,0.000194,0.027855,0,0,583,1,0,1,0,0,0,0,0
p..adams,,3,1,0,1,0.000194,0.027855,0,0,582,1,0,1,0,0,0,0,0
pamela.sonnier,,5,2,0,2,0.000274,0.062897,0,0,581,2,0,2,0,0,0,0,0
pat.clynes,,3,1,0,1,0.000194,0.027855,0,0,580,1,0,1,0,0,0,0,0
patricia.rivera,,3,1,0,1,0.000194,0.027855,0,0,579,1,0,1,0,0,0,0,0
patrick.danaher,,3,1,0,1,0.000194,0.027855,0,0,578,1,0,1,0,0,0,0,0
patrick.hansen,,3,1,0,1,0.000194,0.027855,0,0,577,1,0,1,0,0,0,0,0
patti.sullivan,,3,1,0,1,0.000194,0.027855,0,0,576,1,0,1,0,0,0,0,0
patty.grutzmacher,,3,1,0,1,0.000194,0.027855,0,0,575,1,0,1,0,0,0,0,0
paul.schiavone,,3,1,0,1,0.000194,0.027855,0,0,574,1,0,1,0,0,0,0,0
paul.thomas,,3,1,0,1,0.000194,0.027855,0,0,573,1,0,1,0,0,0,0,0
peter.makkai,,3,1,0,1,0.000194,0.027855,0,0,572,1,0,1,0,0,0,0,0
philip.berry,,3,1,0,1,0.000194,0.027855,0,0,571,1,0,1,0,0,0,0,0
phillip.love,,3,1,0,1,0.000194,0.027855,0,0,570,1,0,1,0,0,0,0,0
r..conner,,3,1,0,1,0.000194,0.027855,0,0,569,1,0,1,0,0,0,0,0
rafi.khan,,3,1,0,1,0.000194,0.027855,0,0,568,1,0,1,0,0,0,0,0
rebecca.ford,,3,1,0,1,0.000194,0.027855,0,0,566,1,0,1,0,0,0,0,0
rebecca.grace,,3,1,0,1,0.000194,0.027855,0,0,565,1,0,1,0,0,0,0,0
reno.casimir,,3,1,0,1,0.000194,0.027855,0,0,564,1,0,1,0,0,0,0,0
richard.mckeel,,3,1,0,1,0.000194,0.027855,0,0,563,1,0,1,0,0,0,0,0
richard.pinion,,3,1,0,1,0.000194,0.027855,0,0,562,1,0,1,0,0,0,0,0
robert.allwein,,3,1,0,1,0.000194,0.027855,0,0,560,1,0,1,0,0,0,0,0
robert.bogucki,,3,1,0,1,0.000194,0.027855,0,0,558,1,0,1,0,0,0,0,0
robert.fuller,,3,1,0,1,0.000194,0.027855,0,0,557,1,0,1,0,0,0,0,0
robert.lloyd,,3,1,0,1,0.000194,0.027855,0,0,556,1,0,1,0,0,0,0,0
robert.ramirez,,3,1,0,1,0.000194,0.027855,0,0,555,1,0,1,0,0,0,0,0
robert.richard,,3,1,0,1,0.000194,0.027855,0,0,554,1,0,1,0,0,0,0,0
rose.botello,,3,1,0,1,0.000194,0.027855,0,0,552,1,0,1,0,0,0,0,0
sabra.dinari,,1,2,0,2,0.000338,0.044173,0,0,23,2,0,2,0.5,0,0,0,0
sabrae.zajac,,3,1,0,1,0.000194,0.027855,0,0,550,1,0,1,0,0,0,0,0
salisha.ramos,,3,1,0,1,0.000194,0.027855,0,0,549,1,0,1,0,0,0,0,0
sandeep.ramachandran,,3,1,0,1,0.000194,0.027855,0,0,548,1,0,1,0,0,0,0,0
sandy.olitsky,,3,1,0,1,0.000194,0.027855,0,0,547,1,0,1,0,0,0,0,0
sarah.mulholland,,3,1,0,1,0.000194,0.027855,0,0,546,1,0,1,0,0,0,0,0
scott.earnest,,3,1,1,2,0.000194,0.027855,0,0,1151,1,1,2,0,5,0.303972,0.334804,0
scott.mills,,3,1,1,2,0.000194,0.027855,0,0,1151,1,1,2,0,5,0.303972,0.334804,0
scott.palmer,,1,1,1,2,0.000194,0.027855,0,0,1151,1,1,2,0.5,5,0.245647,0.254267,0
scott.pleus,,3,1,1,2,0.000194,0.027855,0,0,1151,1,1,2,0,5,0.303972,0.334804,0
sean.keenan,,3,1,0,1,0.000194,0.027855,0,0,545,1,0,1,0,0,0,0,0
shannon.groenewold,,3,1,0,1,0.000194,0.027855,0,0,544,1,0,1,0,0,0,0,0
sharen.cason,,4,2,1,3,0.000274,0.062897,0,0,1151,2,1,3,0.333333,5,0.279026,0.287858,102.30382
shari.mao,,3,1,0,1,0.000194,0.027855,0,0,543,1,0,1,0,0,0,0,0
sharron.westbrook,,2,1,3,4,0.000194,0.027855,0,0,1151,1,3,4,0.333333,4,0.32245,0.352138,1032.86318
sheetal.patel,,5,3,2,5,0.00039,0.091743,0,0,1151,3,2,5,0.333333,5,0.27646,0.298875,835.284608
sheila.glover,,2,2,3,5,0.00031,0.056701,0,0,1151,2,3,5,0.333333,4,0.353985,0.382313,6074.360733
shelly.mendel,,3,1,0,1,0.000194,0.027855,0,0,542,1,0,1,0,0,0,0,0
sherlyn.schumack,,3,1,0,1,0.000194,0.027855,0,0,541,1,0,1,0,0,0,0,0
sherron.watkins,,3,1,0,1,0.000194,0.027855,0,0,540,1,0,1,0,0,0,0,0
shifali.sharma,,1,1,1,2,0.000194,0.027855,0,0,1151,1,1,2,0.5,5,0.248443,0.254364,0
shirlet.williams,,3,1,0,1,0.000194,0.027855,0,0,539,1,0,1,0,0,0,0,0
sonia.hennessy,,3,1,0,1,0.000194,0.027855,0,0,538,1,0,1,0,0,0,0,0
stacey.brewer,,3,1,0,1,0.000194,0.027855,0,0,537,1,0,1,0,0,0,0,0
stacey.white,,3,1,1,2,0.000194,0.027855,0,0,1151,1,1,2,0,5,0.303972,0.334804,0
stella.morris,,3,1,0,1,0.000194,0.027855,0,0,536,1,0,1,0,0,0,0,0
stephanie.piwetz,,5,2,0,2,0.000274,0.062897,0,0,535,2,0,2,0,0,0,0,0
stephen.morse,,3,1,0,1,0.000194,0.027855,0,0,534,1,0,1,0,0,0,0,0
stephen.schwarz,,3,1,1,2,0.000194,0.027855,0,0,1151,1,1,2,0,5,0.303972,0.334804,0
steve.gillespie,,1,2,0,2,0.000338,0.044173,0,0,21,2,0,2,0.5,0,0,0,0
steve.jackson,,3,1,0,1,0.000194,0.027855,0,0,533,1,0,1,0,0,0,0,0
steve.venturatos,,3,1,1,2,0.000194,0.027855,0,0,1151,1,1,2,0,5,0.303972,0.334804,0
steven.vu,,3,1,0,1,0.000194,0.027855,0,0,531,1,0,1,0,0,0,0,0
sue.foust,,3,1,0,1,0.000194,0.027855,0,0,530,1,0,1,0,0,0,0,0
susan.harrison,,3,1,1,2,0.000194,0.027855,0,0,1151,1,1,2,0,5,0.303972,0.334804,0
susan.skarness,,3,1,0,1,0.000194,0.027855,0,0,529,1,0,1,0,0,0,0,0
susan.trevino,,5,1,1,2,0.000194,0.027855,0,0,1151,1,1,2,0,5,0.269876,0.287946,383.006192
susie.ayala,,3,1,0,1,0.000194,0.027855,0,0,528,1,0,1,0,0,0,0,0
suzanne.christiansen,,3,1,0,1,0.000194,0.027855,0,0,527,1,0,1,0,0,0,0,0
sylvia.campos,,3,1,0,1,0.000194,0.027855,0,0,526,1,0,1,0,0,0,0,0
t..muzzy,,3,1,0,1,0.000194,0.027855,0,0,525,1,0,1,0,0,0,0,0
tamara.carter,,3,1,0,1,0.000194,0.027855,0,0,524,1,0,1,0,0,0,0,0
tammy.gilmore,,3,1,0,1,0.000194,0.027855,0,0,523,1,0,1,0,0,0,0,0
tara.sweitzer,,3,1,0,1,0.000194,0.027855,0,0,522,1,0,1,0,0,0,0,0
ted.evans,,3,1,0,1,0.000194,0.027855,0,0,521,1,0,1,0,0,0,0,0
ted.robinson,,3,1,0,1,0.000194,0.027855,0,0,520,1,0,1,0,0,0,0,0
terri.harlan,,5,1,1,2,0.000194,0.027855,0,0,1151,1,1,2,0,5,0.266478,0.280577,452.278417
theresa.brogan,,5,2,1,3,0.00031,0.056701,0,0,1151,2,1,3,0,5,0.26641,0.280456,452.278417
theresa.kotrla,,3,1,0,1,0.000194,0.027855,0,0,519,1,0,1,0,0,0,0,0
thresa.allen,,3,1,0,1,0.000194,0.027855,0,0,518,1,0,1,0,0,0,0,0
tim.asterman,,3,1,0,1,0.000194,0.027855,0,0,517,1,0,1,0,0,0,0,0
tim.carter,,3,1,0,1,0.000194,0.027855,0,0,516,1,0,1,0,0,0,0,0
timothy.norton,,3,1,0,1,0.000194,0.027855,0,0,515,1,0,1,0,0,0,0,0
timothy.rebhorn,,3,1,0,1,0.000194,0.027855,0,0,514,1,0,1,0,0,0,0,0
tina.spiller,,5,1,2,3,0.000194,0.027855,0,0,1151,1,2,3,0,5,0.323406,0.355698,133.284124
todd.busby,,3,1,0,1,0.000194,0.027855,0,0,513,1,0,1,0,0,0,0,0
todd.hall,,3,1,0,1,0.000194,0.027855,0,0,512,1,0,1,0,0,0,0,0
tomas.tellez,,3,1,0,1,0.000194,0.027855,0,0,510,1,0,1,0,0,0,0,0
torrey.moorer,,1,1,1,2,0.000194,0.027855,0,0,1151,1,1,2,1,5,0.314815,0.325667,0
trang.le,,3,1,0,1,0.000194,0.027855,0,0,509,1,0,1,0,0,0,0,0
tricia.bowen,,3,1,0,1,0.000194,0.027855,0,0,508,1,0,1,0,0,0,0,0
valarie.rambin,,3,1,0,1,0.000194,0.027855,0,0,507,1,0,1,0,0,0,0,0
valerie.landry,,3,1,0,1,0.000194,0.027855,0,0,506,1,0,1,0,0,0,0,0
vanessa.schulte,,3,1,0,1,0.000194,0.027855,0,0,505,1,0,1,0,0,0,0,0
veronica.arriaga,,3,1,0,1,0.000194,0.027855,0,0,504,1,0,1,0,0,0,0,0
victor.guggenheim,,3,1,0,1,0.000194,0.027855,0,0,503,1,0,1,0,0,0,0,0
victor.lamadrid,,1,2,1,3,0.000338,0.044173,0,0,1151,2,1,3,0.5,5,0.245589,0.254147,0
victoria.versen,,1,2,1,3,0.000338,0.044173,0,0,1151,2,1,3,0.5,5,0.245589,0.254147,0
vivien.pham,,3,1,0,1,0.000194,0.027855,0,0,502,1,0,1,0,0,0,0,0
wade.hicks,,3,1,0,1,0.000194,0.027855,0,0,501,1,0,1,0,0,0,0,0
wade.price,,3,1,0,1,0.000194,0.027855,0,0,500,1,0,1,0,0,0,0,0
walter.spiegelhauer,,3,1,0,1,0.000194,0.027855,0,0,499,1,0,1,0,0,0,0,0
warrick.franklin,,3,1,0,1,0.000194,0.027855,0,0,498,1,0,1,0,0,0,0,0
wayne.vinson,,3,1,0,1,0.000194,0.027855,0,0,497,1,0,1,0,0,0,0,0
wes.dempsey,,3,1,0,1,0.000194,0.027855,0,0,496,1,0,1,0,0,0,0,0
wesley.wilder,,3,1,0,1,0.000194,0.027855,0,0,495,1,0,1,0,0,0,0,0
william.kasemervisz,,1,1,1,2,0.000194,0.027855,0,0,1151,1,1,2,0.5,5,0.245647,0.254267,0
william.kelly,,1,2,0,2,0.000338,0.044173,0,0,15,2,0,2,0.5,0,0,0,0
william.phillips,,3,1,0,1,0.000194,0.027855,0,0,14,1,0,1,0,0,0,0,0
williams,,5,2,0,2,0.00031,0.056701,0,0,2,2,0,2,0,0,0,0,0
willie.harrell,,5,2,0,2,0.000274,0.062897,0,0,1,2,0,2,0,0,0,0,0
yolanda.ford,,3,1,0,1,0.000194,0.027855,0,0,13,1,0,1,0,0,0,0,0
yvette.connevey,,3,1,0,1,0.000194,0.027855,0,0,12,1,0,1,0,0,0,0,0
zionette.vincent,,3,1,0,1,0.000194,0.027855,0,0,11,1,0,1,0,0,0,0,0
sally.keepers,,2,0,1,1,0.000167,0,0,0,1387,0,1,1,0,5,0.28014,0.291422,0
sandeep.kohli,,7,1,1,2,0.000268,0.020029,0,0,1151,1,1,2,0,5,0.290884,0.305135,0
sara.davidson,,4,0,10,10,0.000167,0,0,0,1388,0,10,10,0.388889,4,0.361624,0.392209,0
angelo.miroballi,,5,1,0,1,0.000283,0.028847,0,0,1092,1,0,1,0,0,0,0,0
annmarie.tiller,,5,1,0,1,0.000283,0.028847,0,0,1091,1,0,1,0,0,0,0,0
brent.vasconcellos,,5,1,0,1,0.000283,0.028847,0,0,1090,1,0,1,0,0,0,0,0
cathy.moehlman,,5,1,0,1,0.000283,0.028847,0,0,1089,1,0,1,0,0,0,0,0
clint.walden,,5,1,0,1,0.000283,0.028847,0,0,1088,1,0,1,0,0,0,0,0
deepak.sitlani,,5,1,0,1,0.000283,0.028847,0,0,1087,1,0,1,0,0,0,0,0
ed.quinn,,5,1,0,1,0.000283,0.028847,0,0,1086,1,0,1,0,0,0,0,0
edward.ondarza,,5,1,0,1,0.000283,0.028847,0,0,1085,1,0,1,0,0,0,0,0
elizabeth.serralheiro,,5,1,0,1,0.000283,0.028847,0,0,1084,1,0,1,0,0,0,0,0
frank.stabler,,5,1,0,1,0.000283,0.028847,0,0,1083,1,0,1,0,0,0,0,0
gareth.bahlmann,,5,1,0,1,0.000283,0.028847,0,0,1082,1,0,1,0,0,0,0,0
holli.krebs,,4,2,0,2,0.000368,0.059091,0,0,932,2,0,2,0,0,0,0,0
jeff.harbert,,5,1,0,1,0.000283,0.028847,0,0,1081,1,0,1,0,0,0,0,0
jeff.kinneman,,5,1,0,1,0.000283,0.028847,0,0,1080,1,0,1,0,0,0,0,0
julian.poole,,5,2,0,2,0.000362,0.063889,0,0,1079,2,0,2,1,0,0,0,0
kevin.howard,,5,1,0,1,0.000283,0.028847,0,0,1078,1,0,1,0,0,0,0,0
lynn.aven,,5,1,0,1,0.000283,0.028847,0,0,1077,1,0,1,0,0,0,0,0
michael.moulton,,5,1,0,1,0.000283,0.028847,0,0,1076,1,0,1,0,0,0,0,0
n..gray,,5,2,0,2,0.000362,0.063889,0,0,1075,2,0,2,1,0,0,0,0
nancy.muchmore,,5,1,0,1,0.000283,0.028847,0,0,1074,1,0,1,0,0,0,0,0
pinto.leite,,5,2,0,2,0.000362,0.063889,0,0,1073,2,0,2,1,0,0,0,0
pushkar.shahi,,5,1,0,1,0.000283,0.028847,0,0,1072,1,0,1,0,0,0,0,0
randy.petersen,,5,1,0,1,0.000283,0.028847,0,0,1071,1,0,1,0,0,0,0,0
rick.hopkinson,,5,1,0,1,0.000283,0.028847,0,0,1070,1,0,1,0,0,0,0,0
robert.george,,5,1,0,1,0.000283,0.028847,0,0,1069,1,0,1,0,0,0,0,0
robin.decker,,5,1,0,1,0.000283,0.028847,0,0,1068,1,0,1,0,0,0,0,0
soma.ghosh,,5,2,2,4,0.000362,0.063889,0,0,1151,2,2,4,1,5,0.27646,0.298875,0
souad.mahmassani,,5,2,1,3,0.000362,0.063889,0,0,1151,2,1,3,1,5,0.26641,0.280456,0
stewart.rosman,,4,2,1,3,0.000368,0.059091,0,0,1151,2,1,3,0,5,0.26641,0.280456,561.004347
susan.musch,,5,1,1,2,0.000283,0.028847,0,0,1151,1,1,2,0,5,0.26641,0.280456,0
tom.doukas,,5,1,1,2,0.000283,0.028847,0,0,1151,1,1,2,0,5,0.26641,0.280456,0
treasa.kirby,,5,1,1,2,0.000283,0.028847,0,0,1151,1,1,2,0,5,0.26641,0.280456,0
trena.mcfarland,,5,1,1,2,0.000283,0.028847,0,0,1151,1,1,2,0,5,0.26641,0.280456,0
wendi.lebrocq,,5,2,1,3,0.000362,0.063889,0,0,1151,2,1,3,1,5,0.269806,0.287825,0
william.stuart,,5,1,1,2,0.000283,0.028847,0,0,1151,1,1,2,0,5,0.26641,0.280456,0
sarah.davis,,6,0,1,1,0.000167,0,0,0,1389,0,1,1,0,4,0.299509,0.312771,0
sasha.divelbiss,,8,0,2,2,0.000167,0,0,0,1390,0,2,2,0,4,0.305732,0.322329,0
savita.puthigai,,1,1,3,4,0.000246,0.035042,0,0,1151,1,3,4,1,5,0.330729,0.349293,0
becky.young,,1,1,0,1,0.000311,0.016318,0,0,492,1,0,1,0,0,0,0,0
carolina.waingortin,,1,1,0,1,0.000311,0.016318,0,0,490,1,0,1,0,0,0,0,0
chuck.ames,,1,1,0,1,0.000311,0.016318,0,0,488,1,0,1,0,0,0,0,0
dan.junek,,1,1,0,1,0.000311,0.016318,0,0,486,1,0,1,0,0,0,0,0
dick.jenkins,,1,1,0,1,0.000311,0.016318,0,0,485,1,0,1,0,0,0,0,0
gary.bryan,,1,1,0,1,0.000311,0.016318,0,0,481,1,0,1,0,0,0,0,0
gil.muhl,,1,1,0,1,0.000311,0.016318,0,0,480,1,0,1,0,0,0,0,0
jill.zivley,,1,1,0,1,0.000311,0.016318,0,0,479,1,0,1,0,0,0,0,0
john.shoobridge,,1,1,0,1,0.000311,0.016318,0,0,477,1,0,1,0,0,0,0,0
john.taylor,,1,1,0,1,0.000311,0.016318,0,0,476,1,0,1,0,0,0,0,0
kyle.etter,,1,1,0,1,0.000311,0.016318,0,0,474,1,0,1,0,0,0,0,0
linda.roberts,,1,1,0,1,0.000311,0.016318,0,0,473,1,0,1,0,0,0,0,0
maureen.smith,,1,1,0,1,0.000311,0.016318,0,0,472,1,0,1,0,0,0,0,0
melissa.graves,,1,2,0,2,0.00039,0.05136,0,0,471,2,0,2,0,0,0,0,0
nelson.ferries,,1,1,0,1,0.000311,0.016318,0,0,469,1,0,1,0,0,0,0,0
phil.demoes,,1,1,0,1,0.000311,0.016318,0,0,468,1,0,1,0,0,0,0,0
robin.barbe,,1,1,0,1,0.000311,0.016318,0,0,25,1,0,1,0,0,0,0,0
rodolfo.freyre,,1,1,0,1,0.000311,0.016318,0,0,24,1,0,1,0,0,0,0,0
sean.boyle,,1,1,2,3,0.000311,0.016318,0,0,1151,1,2,3,1,5,0.297604,0.314312,0
steve.neal,,1,1,0,1,0.000311,0.016318,0,0,20,1,0,1,0,0,0,0,0
scott.vonderheide,,0,0,1,1,0.000167,0,0,0,1391,0,1,1,0,5,0.255983,0.265325,0
sean.grady,,7,0,1,1,0.000167,0,0,0,1392,0,1,1,0,5,0.290942,0.305229,0
sevil.yaman,,7,1,1,2,0.000268,0.020029,0,0,1151,1,1,2,0,5,0.290884,0.305135,0
shahnaz.lakho,,8,0,1,1,0.000167,0,0,0,1393,0,1,1,0,5,0.25876,0.267173,0
shalesh.ganjoo,,7,1,1,2,0.000268,0.020029,0,0,1151,1,1,2,0,5,0.290884,0.305135,0
shanna.boudreaux,,1,0,1,1,0.000167,0,0,0,1394,0,1,1,0,5,0.245649,0.254265,0
sharad.agnihotri,,7,0,1,1,0.000167,0,0,0,1395,0,1,1,0,5,0.290942,0.305229,0
sharon.crawford,,4,1,8,9,0.000246,0.035042,0,0,1151,1,8,9,0.571429,4,0.379298,0.398867,5618.778776
sheila.knudsen,,6,0,9,9,0.000167,0,0,0,1396,0,9,9,0.666667,4,0.389745,0.421365,0
sheila.nacey,,0,1,1,2,0.000219,0.012282,0,0,1151,1,1,2,0,5,0.270863,0.285431,0
anne.jolibois,,0,1,0,1,0.000219,0.012282,0,0,225,1,0,1,0,0,0,0,0
ava.garcia,,0,1,0,1,0.000219,0.012282,0,0,224,1,0,1,0,0,0,0,0
bambi.heckerman,,0,1,0,1,0.000219,0.012282,0,0,223,1,0,1,0,0,0,0,0
beth.jensen,,0,1,0,1,0.000219,0.012282,0,0,222,1,0,1,0,0,0,0,0
bill.cordes,,0,1,0,1,0.000219,0.012282,0,0,221,1,0,1,0,0,0,0,0
bill.fonda,,0,1,0,1,0.000219,0.012282,0,0,220,1,0,1,0,0,0,0,0
blair.lichtenwalter,,0,1,0,1,0.000219,0.012282,0,0,219,1,0,1,0,0,0,0,0
christi.culwell,,0,1,0,1,0.000219,0.012282,0,0,218,1,0,1,0,0,0,0,0
christine.stokes,,0,1,0,1,0.000219,0.012282,0,0,217,1,0,1,0,0,0,0,0
colleen.raker,,0,1,0,1,0.000219,0.012282,0,0,216,1,0,1,0,0,0,0,0
dale.ratliff,,0,1,0,1,0.000219,0.012282,0,0,215,1,0,1,0,0,0,0,0
dan.pribble,,0,1,0,1,0.000219,0.012282,0,0,214,1,0,1,0,0,0,0,0
dannis.bellard,,0,1,0,1,0.000219,0.012282,0,0,213,1,0,1,0,0,0,0,0
dari.dornan,,0,1,0,1,0.000219,0.012282,0,0,212,1,0,1,0,0,0,0,0
dave.neubauer,,0,1,0,1,0.000219,0.012282,0,0,211,1,0,1,0,0,0,0,0
deb.cappiello,,0,1,0,1,0.000219,0.012282,0,0,210,1,0,1,0,0,0,0,0
debbie.thompson,,0,1,0,1,0.000219,0.012282,0,0,209,1,0,1,0,0,0,0,0
dee.svatos,,0,1,0,1,0.000219,0.012282,0,0,208,1,0,1,0,0,0,0,0
dfulton,,0,1,0,1,0.000219,0.012282,0,0,207,1,0,1,0,0,0,0,0
diane.eckels,,0,1,0,1,0.000219,0.012282,0,0,206,1,0,1,0,0,0,0,0
donald.vignaroli,,0,1,0,1,0.000219,0.012282,0,0,205,1,0,1,0,0,0,0,0
donna.bily,,0,1,0,1,0.000219,0.012282,0,0,204,1,0,1,0,0,0,0,0
donna.martens,,0,1,0,1,0.000219,0.012282,0,0,203,1,0,1,0,0,0,0,0
dorothy.mccoppin,,0,1,0,1,0.000219,0.012282,0,0,202,1,0,1,0,0,0,0,0
eileen.peebles,,0,1,0,1,0.000219,0.012282,0,0,201,1,0,1,0,0,0,0,0
erb,,0,1,0,1,0.000219,0.012282,0,0,200,1,0,1,0,0,0,0,0
fran.fagan,,0,1,0,1,0.000219,0.012282,0,0,199,1,0,1,0,0,0,0,0
geneva.patterson,,0,1,0,1,0.000219,0.012282,0,0,198,1,0,1,0,0,0,0,0
jack.boatman,,0,1,0,1,0.000219,0.012282,0,0,197,1,0,1,0,0,0,0,0
janet.cones,,0,1,0,1,0.000219,0.012282,0,0,196,1,0,1,0,0,0,0,0
janet.place,,0,1,0,1,0.000219,0.012282,0,0,195,1,0,1,0,0,0,0,0
jewell,,0,1,0,1,0.000219,0.012282,0,0,194,1,0,1,0,0,0,0,0
jim.talcott,,0,1,0,1,0.000219,0.012282,0,0,193,1,0,1,0,0,0,0,0
jody.warner,,0,1,0,1,0.000219,0.012282,0,0,192,1,0,1,0,0,0,0,0
john.ballentine,,0,1,0,1,0.000219,0.012282,0,0,191,1,0,1,0,0,0,0,0
john.dushinske,,0,1,0,1,0.000219,0.012282,0,0,190,1,0,1,0,0,0,0,0
jplace,,0,1,0,1,0.000219,0.012282,0,0,189,1,0,1,0,0,0,0,0
kathy.ringblom,,0,1,0,1,0.000219,0.012282,0,0,188,1,0,1,0,0,0,0,0
keith.petersen,,0,1,0,1,0.000219,0.012282,0,0,187,1,0,1,0,0,0,0,0
kent.miller,,0,1,0,1,0.000219,0.012282,0,0,186,1,0,1,0,0,0,0,0
kim.wilkie,,0,1,0,1,0.000219,0.012282,0,0,184,1,0,1,0,0,0,0,0
larry.berger,,0,1,0,1,0.000219,0.012282,0,0,183,1,0,1,0,0,0,0,0
larry.deroin,,0,1,0,1,0.000219,0.012282,0,0,182,1,0,1,0,0,0,0,0
laura.lantefield,,0,1,0,1,0.000219,0.012282,0,0,181,1,0,1,0,0,0,0,0
lee.huber,,0,1,0,1,0.000219,0.012282,0,0,180,1,0,1,0,0,0,0,0
linda.wehring,,0,1,0,1,0.000219,0.012282,0,0,179,1,0,1,0,0,0,0,0
lorraine.lindberg,,0,1,0,1,0.000219,0.012282,0,0,178,1,0,1,0,0,0,0,0
lou.geiler,,0,1,0,1,0.000219,0.012282,0,0,177,1,0,1,0,0,0,0,0
maria.pavlou,,0,1,0,1,0.000219,0.012282,0,0,176,1,0,1,0,0,0,0,0
martha.benner,,0,1,0,1,0.000219,0.012282,0,0,175,1,0,1,0,0,0,0,0
martha.janousek,,0,1,0,1,0.000219,0.012282,0,0,174,1,0,1,0,0,0,0,0
mary.darveaux,,0,1,0,1,0.000219,0.012282,0,0,173,1,0,1,0,0,0,0,0
maureen.palmer,,0,1,0,1,0.000219,0.012282,0,0,172,1,0,1,0,0,0,0,0
melinda.tosoni,,0,1,0,1,0.000219,0.012282,0,0,171,1,0,1,0,0,0,0,0
michael.moran,,0,1,0,1,0.000219,0.012282,0,0,170,1,0,1,0,0,0,0,0
michael.norden,,0,1,0,1,0.000219,0.012282,0,0,169,1,0,1,0,0,0,0,0
michel.nelson,,0,1,0,1,0.000219,0.012282,0,0,168,1,0,1,0,0,0,0,0
michele.winckowski,,0,1,0,1,0.000219,0.012282,0,0,167,1,0,1,0,0,0,0,0
mike.mcgowan,,0,1,0,1,0.000219,0.012282,0,0,166,1,0,1,0,0,0,0,0
patti.rumler,,0,1,0,1,0.000219,0.012282,0,0,165,1,0,1,0,0,0,0,0
peggy.phillips,,0,1,0,1,0.000219,0.012282,0,0,164,1,0,1,0,0,0,0,0
pilar.ramirez,,0,1,0,1,0.000219,0.012282,0,0,163,1,0,1,0,0,0,0,0
rachel.cady,,0,1,0,1,0.000219,0.012282,0,0,162,1,0,1,0,0,0,0,0
raetta.zadow,,0,1,0,1,0.000219,0.012282,0,0,161,1,0,1,0,0,0,0,0
ramona.betancourt,,0,1,0,1,0.000219,0.012282,0,0,160,1,0,1,0,0,0,0,0
ranelle.paladino,,0,1,0,1,0.000219,0.012282,0,0,159,1,0,1,0,0,0,0,0
ray.neppl,,0,1,0,1,0.000219,0.012282,0,0,158,1,0,1,0,0,0,0,0
rkilmer,,0,1,0,1,0.000219,0.012282,0,0,157,1,0,1,0,0,0,0,0
robert.kilmer,,0,1,0,1,0.000219,0.012282,0,0,156,1,0,1,0,0,0,0,0
rockey.storie,,0,1,0,1,0.000219,0.012282,0,0,155,1,0,1,0,0,0,0,0
sharon.brown,,0,1,0,1,0.000219,0.012282,0,0,154,1,0,1,0,0,0,0,0
sharon.farrell,,0,1,0,1,0.000219,0.012282,0,0,153,1,0,1,0,0,0,0,0
sharon.solon,,0,1,0,1,0.000219,0.012282,0,0,152,1,0,1,0,0,0,0,0
stephen.veatch,,0,1,0,1,0.000219,0.012282,0,0,151,1,0,1,0,0,0,0,0
steve.january,,0,1,1,2,0.000219,0.012282,0,0,1151,1,1,2,0,5,0.270863,0.285431,0
steve.kirk,,0,1,0,1,0.000219,0.012282,0,0,150,1,0,1,0,0,0,0,0
steven.january,,0,1,1,2,0.000219,0.012282,0,0,1151,1,1,2,0,5,0.270863,0.285431,0
tamara.hopkins,,0,1,0,1,0.000219,0.012282,0,0,149,1,0,1,0,0,0,0,0
teb.lokey,,0,1,1,2,0.000219,0.012282,0,0,1151,1,1,2,0,5,0.270863,0.285431,0
terry.lehn,,0,1,0,1,0.000219,0.012282,0,0,148,1,0,1,0,0,0,0,0
theresa.branney,,0,1,0,1,0.000219,0.012282,0,0,147,1,0,1,0,0,0,0,0
theresa.hess,,0,2,1,3,0.000383,0.022541,0,0,1151,2,1,3,1,5,0.270863,0.285431,0
tim.aron,,0,1,0,1,0.000219,0.012282,0,0,146,1,0,1,0,0,0,0,0
tim.cooper,,0,1,1,2,0.000219,0.012282,0,0,1151,1,1,2,0,5,0.270863,0.285431,0
tim.johanson,,0,1,0,1,0.000219,0.012282,0,0,145,1,0,1,0,0,0,0,0
tim.kissner,,0,1,0,1,0.000219,0.012282,0,0,144,1,0,1,0,0,0,0,0
tk.lohman,,0,1,0,1,0.000219,0.012282,0,0,143,1,0,1,0,0,0,0,0
toby.kuehl,,0,1,1,2,0.000219,0.012282,0,0,1151,1,1,2,0,5,0.270863,0.285431,0
tony.pryor,,0,1,0,1,0.000219,0.012282,0,0,142,1,0,1,0,0,0,0,0
zelda.paschal,,0,1,0,1,0.000219,0.012282,0,0,39,1,0,1,0,0,0,0,0
shelly.jones,,7,1,1,2,0.000268,0.020029,0,0,1151,1,1,2,0,5,0.290884,0.305135,0
sheri.luong,,4,0,2,2,0.000167,0,0,0,1397,0,2,2,1,5,0.290657,0.309526,0
sherri.reinartz,,6,0,1,1,0.000167,0,0,0,1398,0,1,1,0,4,0.299509,0.312771,0
shirley.crenshaw,,7,1,1,2,0.000268,0.020029,0,0,1151,1,1,2,0,5,0.290884,0.305135,0
simon.hemsley,,5,0,1,1,0.000167,0,0,0,1399,0,1,1,0,5,0.26647,0.280562,0
simone.la,,2,0,10,10,0.000167,0,1,0,1400,0,10,10,0.466667,4,0.39569,0.419719,0
simone.rose,,2,0,12,12,0.000167,0,0,0,1401,0,12,12,0.462121,4,0.405749,0.430482,0
sonya.johnson,,8,0,3,3,0.000167,0,0,0,1402,0,3,3,0,5,0.287396,0.307438,0
stacey.richardson,,8,1,2,3,0.000246,0.035042,0,0,1151,1,2,3,0,4,0.282677,0.303359,312.357687
stacy.walker,,2,1,4,5,0.000261,0.04176,0,0,1151,1,4,5,0.416667,4,0.332478,0.348923,0
jim.kolodgie,,0,1,0,1,0.000331,0.010259,0,0,232,1,0,1,0,0,0,0,0
john.garrison,,0,1,0,1,0.000331,0.010259,0,0,231,1,0,1,0,0,0,0,0
john.keller,,0,1,0,1,0.000331,0.010259,0,0,230,1,0,1,0,0,0,0,0
john.shafer,,0,1,0,1,0.000331,0.010259,0,0,229,1,0,1,0,0,0,0,0
nasim.khan,,0,1,0,1,0.000331,0.010259,0,0,228,1,0,1,0,0,0,0,0
peggy.fowler,,0,1,0,1,0.000331,0.010259,0,0,227,1,0,1,0,0,0,0,0
rick.craig,,0,1,0,1,0.000331,0.010259,0,0,226,1,0,1,0,0,0,0,0
stephanie.harris,,4,0,1,1,0.000167,0,0,0,1403,0,1,1,0,5,0.276962,0.285068,0
stephanie.summers,,7,0,1,1,0.000167,0,0,0,1404,0,1,1,0,5,0.290942,0.305229,0
stephanie.truss,,4,0,6,6,0.000167,0,0,0,1405,0,6,6,0.366667,4,0.309563,0.340562,0
stephen.evans,,1,0,1,1,0.000167,0,0,0,1406,0,1,1,0,5,0.248443,0.254361,0
steve.duffy,,0,0,1,1,0.000167,0,0,0,1407,0,1,1,0,5,0.255983,0.265325,0
steve.klimesh,,0,0,1,1,0.000167,0,0,0,1408,0,1,1,0,5,0.270923,0.285534,0
steve.nat,,4,1,3,4,0.000252,0.030244,0,0,1151,1,3,4,0.833333,4,0.356725,0.38171,2089.221025
steve.pearlman,,1,0,1,1,0.000167,0,0,0,1409,0,1,1,0,5,0.245649,0.254265,0
steve.van,,4,1,3,4,0.000246,0.035042,0,0,1151,1,3,4,0.333333,4,0.299063,0.321199,312.357687
chris.hendrix,,6,1,0,1,0.000261,0.04176,0,0,901,1,0,1,0,0,0,0,0
courtney.votaw,,6,1,0,1,0.000261,0.04176,0,0,900,1,0,1,0,0,0,0,0
dee.madole,,6,1,0,1,0.000261,0.04176,0,0,899,1,0,1,0,0,0,0,0
dennis.vegas,,6,1,0,1,0.000261,0.04176,0,0,898,1,0,1,0,0,0,0,0
diomedes.christodoulou,,6,1,0,1,0.000261,0.04176,0,0,897,1,0,1,0,0,0,0,0
edward.hamb,,6,1,0,1,0.000261,0.04176,0,0,896,1,0,1,0,0,0,0,0
elaine.overturf,,6,1,0,1,0.000261,0.04176,0,0,895,1,0,1,0,0,0,0,0
elizabeth.ivers,,6,1,0,1,0.000261,0.04176,0,0,894,1,0,1,0,0,0,0,0
elizabeth.tilney,,6,1,0,1,0.000261,0.04176,0,0,893,1,0,1,0,0,0,0,0
erin.rice,,7,2,0,2,0.000362,0.061789,0,0,892,2,0,2,1,0,0,0,0
gary.mirich,,6,1,0,1,0.000261,0.04176,0,0,891,1,0,1,0,0,0,0,0
greg.cordell,,6,1,0,1,0.000261,0.04176,0,0,890,1,0,1,0,0,0,0,0
james.bannantine,,6,1,0,1,0.000261,0.04176,0,0,889,1,0,1,0,0,0,0,0
james.wood,,6,1,0,1,0.000261,0.04176,0,0,888,1,0,1,0,0,0,0,0
johan.zaayman,,6,1,0,1,0.000261,0.04176,0,0,887,1,0,1,0,0,0,0,0
john.brindle,,6,1,0,1,0.000261,0.04176,0,0,886,1,0,1,0,0,0,0,0
karen.moore,,6,1,0,1,0.000261,0.04176,0,0,885,1,0,1,0,0,0,0,0
karen.myer,,6,1,0,1,0.000261,0.04176,0,0,884,1,0,1,0,0,0,0,0
kmagrude,,6,1,0,1,0.000261,0.04176,0,0,883,1,0,1,0,0,0,0,0
laura.schwartz,,6,1,0,1,0.000261,0.04176,0,0,882,1,0,1,0,0,0,0,0
lauren.iannarone,,6,1,0,1,0.000261,0.04176,0,0,881,1,0,1,0,0,0,0,0
mark.lindsay,,6,1,0,1,0.000261,0.04176,0,0,880,1,0,1,0,0,0,0,0
nate.ellis,,6,1,0,1,0.000261,0.04176,0,0,879,1,0,1,0,0,0,0,0
richard.amabile,,6,1,0,1,0.000261,0.04176,0,0,878,1,0,1,0,0,0,0,0
sanjay.bhatnagar,,6,1,0,1,0.000261,0.04176,0,0,877,1,0,1,0,0,0,0,0
sarah.palmer,,6,1,0,1,0.000261,0.04176,0,0,876,1,0,1,0,0,0,0,0
shirley.hudler,,6,1,0,1,0.000261,0.04176,0,0,875,1,0,1,0,0,0,0,0
teresa.bosien,,6,1,0,1,0.000261,0.04176,0,0,874,1,0,1,0,0,0,0,0
terrie.james,,2,1,4,5,0.000261,0.04176,0,0,1151,1,4,5,0.45,4,0.32195,0.333534,0
ursula.brenner,,6,1,1,2,0.000261,0.04176,0,0,1151,1,1,2,0,4,0.299451,0.312681,0
vance.meyer,,6,1,1,2,0.000261,0.04176,0,0,1151,1,1,2,0,4,0.299451,0.312681,0
vanessa.groscrand,,2,1,7,8,0.000261,0.04176,0,0,1151,1,7,8,0.47619,4,0.331734,0.34828,0
steven.leppard,,7,1,1,2,0.000268,0.020029,0,0,1151,1,1,2,0,5,0.290884,0.305135,0
stewart.seeligson,,2,0,1,1,0.000167,0,0,0,1410,0,1,1,0,6,0.229409,0.234281,0
sunita.katyal,,2,0,1,1,0.000167,0,0,0,1411,0,1,1,0,4,0.29681,0.308635,0
susan.ralph,,0,0,1,1,0.000167,0,0,0,1412,0,1,1,0,5,0.255983,0.265325,0
susan.worthen,,6,0,1,1,0.000167,0,0,0,1413,0,1,1,0,4,0.299509,0.312771,0
suzanne.brown,,2,0,4,4,0.000167,0,0,0,1414,0,4,4,0.333333,4,0.34728,0.362972,0
suzanne.calcagno,,1,0,1,1,0.000167,0,0,0,1415,0,1,1,0,5,0.245649,0.254265,0
sylvia.hu,,0,0,9,9,0.000167,0,0,0,1416,0,9,9,0.375,4,0.345143,0.376707,0
t..zivley,,8,0,1,1,0.000167,0,0,0,1417,0,1,1,0,5,0.25876,0.267173,0
alison.keogh,,5,1,0,1,0.000246,0.035042,0,0,1141,1,0,1,0,0,0,0,0
angeline.poon,,5,1,0,1,0.000246,0.035042,0,0,1140,1,0,1,0,0,0,0,0
anita.fam,,5,1,0,1,0.000246,0.035042,0,0,1139,1,0,1,0,0,0,0,0
bianca.ornelas,,5,1,0,1,0.000246,0.035042,0,0,1138,1,0,1,0,0,0,0,0
brad.harris,,5,1,0,1,0.000246,0.035042,0,0,1137,1,0,1,0,0,0,0,0
celeste.cisneros,,5,1,0,1,0.000246,0.035042,0,0,1136,1,0,1,0,0,0,0,0
cindy.richardson,,5,1,0,1,0.000246,0.035042,0,0,1135,1,0,1,0,0,0,0,0
cooper,,5,1,0,1,0.000246,0.035042,0,0,1134,1,0,1,0,0,0,0,0
daniel.liao,,5,1,0,1,0.000246,0.035042,0,0,1133,1,0,1,0,0,0,0,0
david.berberian,,5,1,0,1,0.000246,0.035042,0,0,1132,1,0,1,0,0,0,0,0
david.weekes,,5,1,0,1,0.000246,0.035042,0,0,1131,1,0,1,0,0,0,0,0
derek.bailey,,5,1,0,1,0.000246,0.035042,0,0,1130,1,0,1,0,0,0,0,0
diane.ellstrom,,5,1,0,1,0.000246,0.035042,0,0,1129,1,0,1,0,0,0,0,0
dianne.seib,,5,1,0,1,0.000246,0.035042,0,0,1128,1,0,1,0,0,0,0,0
don.schroeder,,5,1,0,1,0.000246,0.035042,0,0,1127,1,0,1,0,0,0,0,0
dovie.keprta,,5,1,0,1,0.000246,0.035042,0,0,1126,1,0,1,0,0,0,0,0
gabriela.aguilar,,5,1,0,1,0.000246,0.035042,0,0,1125,1,0,1,0,0,0,0,0
gordon.heaney,,5,1,0,1,0.000246,0.035042,0,0,1124,1,0,1,0,0,0,0,0
greg.whiting,,5,1,0,1,0.000246,0.035042,0,0,1123,1,0,1,0,0,0,0,0
irma.fuentes,,5,1,0,1,0.000246,0.035042,0,0,1122,1,0,1,0,0,0,0,0
jake.staffel,,5,1,0,1,0.000246,0.035042,0,0,1121,1,0,1,0,0,0,0,0
jason.fischer,,5,1,0,1,0.000246,0.035042,0,0,1120,1,0,1,0,0,0,0,0
julie.brewer,,5,1,0,1,0.000246,0.035042,0,0,1119,1,0,1,0,0,0,0,0
kara.knop,,5,1,0,1,0.000246,0.035042,0,0,1118,1,0,1,0,0,0,0,0
kathryn.cordes,,5,1,0,1,0.000246,0.035042,0,0,1117,1,0,1,0,0,0,0,0
kathy.moore,,5,1,0,1,0.000246,0.035042,0,0,1116,1,0,1,0,0,0,0,0
kelly.minear,,5,1,0,1,0.000246,0.035042,0,0,1115,1,0,1,0,0,0,0,0
kevin.radous,,5,1,0,1,0.000246,0.035042,0,0,1114,1,0,1,0,0,0,0,0
laura.howenstine,,5,1,0,1,0.000246,0.035042,0,0,1113,1,0,1,0,0,0,0,0
lesli.campbell,,5,1,0,1,0.000246,0.035042,0,0,1112,1,0,1,0,0,0,0,0
limor.nissan,,5,1,0,1,0.000246,0.035042,0,0,1111,1,0,1,0,0,0,0,0
linda.sietzema,,5,1,0,1,0.000246,0.035042,0,0,1110,1,0,1,0,0,0,0,0
lynn.shivers,,5,1,0,1,0.000246,0.035042,0,0,1109,1,0,1,0,0,0,0,0
mathis.conner,,5,1,0,1,0.000246,0.035042,0,0,1108,1,0,1,0,0,0,0,0
matt.dawson,,5,1,0,1,0.000246,0.035042,0,0,1107,1,0,1,0,0,0,0,0
melinda.whalen,,5,1,0,1,0.000246,0.035042,0,0,1106,1,0,1,0,0,0,0,0
michael.danielson,,5,1,0,1,0.000246,0.035042,0,0,1105,1,0,1,0,0,0,0,0
mike.haney,,5,1,0,1,0.000246,0.035042,0,0,1104,1,0,1,0,0,0,0,0
nella.cappelletto,,5,1,0,1,0.000246,0.035042,0,0,1103,1,0,1,0,0,0,0,0
nicola.beales,,5,1,0,1,0.000246,0.035042,0,0,1102,1,0,1,0,0,0,0,0
nidia.martinez,,5,1,0,1,0.000246,0.035042,0,0,1101,1,0,1,0,0,0,0,0
nidia.mendoza,,5,1,0,1,0.000246,0.035042,0,0,1100,1,0,1,0,0,0,0,0
pavel.zadorozhny,,7,2,0,2,0.000347,0.055071,0,0,1024,2,0,2,0,0,0,0,0
phil.clifford,,5,1,0,1,0.000246,0.035042,0,0,1099,1,0,1,0,0,0,0,0
rex.shelby,,5,1,0,1,0.000246,0.035042,0,0,1098,1,0,1,0,0,0,0,0
scott.tackett,,5,1,0,1,0.000246,0.035042,0,0,1097,1,0,1,0,0,0,0,0
sherita.scott,,5,1,0,1,0.000246,0.035042,0,0,1096,1,0,1,0,0,0,0,0
stephen.abbanat,,5,1,0,1,0.000246,0.035042,0,0,1095,1,0,1,0,0,0,0,0
teresa.mandola,,5,1,0,1,0.000246,0.035042,0,0,1094,1,0,1,0,0,0,0,0
teresa.smith,,5,1,1,2,0.000246,0.035042,0,0,1151,1,1,2,0,5,0.269806,0.287825,0
tiffany.williams,,5,1,0,1,0.000246,0.035042,0,0,1093,1,0,1,0,0,0,0,0
tobin.carlson,,5,1,2,3,0.000246,0.035042,0,0,1151,1,2,3,1,5,0.273362,0.293812,0
veronica.espinoza,,8,1,8,9,0.000246,0.035042,0,0,1151,1,8,9,0.285714,4,0.385789,0.413693,3637.182199
walter.guidroz,,5,1,2,3,0.000246,0.035042,0,0,1151,1,2,3,1,5,0.273362,0.293812,0
wendy.conwell,,2,1,3,4,0.000246,0.035042,0,0,1151,1,3,4,0.333333,5,0.301804,0.325193,248.688045
tanya.tamarchenko,,7,1,1,2,0.000268,0.020029,0,0,1151,1,1,2,0,5,0.290884,0.305135,0
technology.enron,,1,0,3,3,0.000167,0,0,0,1418,0,3,3,0.833333,4,0.324726,0.340161,0
teresa.wright,,6,0,1,1,0.000167,0,0,0,1419,0,1,1,0,4,0.299509,0.312771,0
terrie.wheeler,,3,0,1,1,0.000167,0,0,0,1420,0,1,1,0,5,0.304029,0.334884,0
thomas.engel,,1,0,1,1,0.000167,0,0,0,1421,0,1,1,0,5,0.245649,0.254265,0
thomas.reichelderfer,,6,0,1,1,0.000167,0,0,0,1422,0,1,1,0,4,0.289724,0.305582,0
bert.meyers,,4,1,0,1,0.000252,0.030244,0,0,952,1,0,1,0,0,0,0,0
caroline.emmert,,4,1,0,1,0.000252,0.030244,0,0,950,1,0,1,0,0,0,0,0
chris.mallory,,4,1,0,1,0.000252,0.030244,0,0,949,1,0,1,0,0,0,0,0
chris.stokley,,4,1,0,1,0.000252,0.030244,0,0,948,1,0,1,0,0,0,0,0
collin.whitehead,,4,1,0,1,0.000252,0.030244,0,0,947,1,0,1,0,0,0,0,0
cooper.richey,,4,1,0,1,0.000252,0.030244,0,0,946,1,0,1,0,0,0,0,0
craig.dean,,4,1,0,1,0.000252,0.030244,0,0,945,1,0,1,0,0,0,0,0
d.hunsucker,,4,1,0,1,0.000252,0.030244,0,0,944,1,0,1,0,0,0,0,0
dan.dietrich,,4,1,0,1,0.000252,0.030244,0,0,943,1,0,1,0,0,0,0,0
david.porter,,4,1,0,1,0.000252,0.030244,0,0,942,1,0,1,0,0,0,0,0
donald.robinson,,4,1,0,1,0.000252,0.030244,0,0,941,1,0,1,0,0,0,0,0
donna.johnson,,4,1,0,1,0.000252,0.030244,0,0,940,1,0,1,0,0,0,0,0
elliot.mainzer,,4,1,0,1,0.000252,0.030244,0,0,939,1,0,1,0,0,0,0,0
emily.butler,,4,1,0,1,0.000252,0.030244,0,0,938,1,0,1,0,0,0,0,0
eric.linder,,4,1,0,1,0.000252,0.030244,0,0,937,1,0,1,0,0,0,0,0
erin.hall,,4,1,0,1,0.000252,0.030244,0,0,936,1,0,1,0,0,0,0,0
geir.solberg,,4,1,0,1,0.000252,0.030244,0,0,935,1,0,1,0,0,0,0,0
holden.salisbury,,4,1,0,1,0.000252,0.030244,0,0,933,1,0,1,0,0,0,0,0
jeremy.morris,,4,1,0,1,0.000252,0.030244,0,0,931,1,0,1,0,0,0,0,0
jesse.bryson,,4,1,0,1,0.000252,0.030244,0,0,930,1,0,1,0,0,0,0,0
john.shackelford,,4,1,0,1,0.000252,0.030244,0,0,928,1,0,1,0,0,0,0,0
kathy.axford,,4,1,0,1,0.000252,0.030244,0,0,927,1,0,1,0,0,0,0,0
kourtney.nelson,,4,1,0,1,0.000252,0.030244,0,0,926,1,0,1,0,0,0,0,0
lani.pennington,,4,1,0,1,0.000252,0.030244,0,0,925,1,0,1,0,0,0,0,0
leaf.harasin,,4,1,0,1,0.000252,0.030244,0,0,924,1,0,1,0,0,0,0,0
lei.chen,,4,1,0,1,0.000252,0.030244,0,0,923,1,0,1,0,0,0,0,0
lester.rawson,,4,1,0,1,0.000252,0.030244,0,0,922,1,0,1,0,0,0,0,0
lisa.gang,,4,1,0,1,0.000252,0.030244,0,0,921,1,0,1,0,0,0,0,0
lisa.mattingly,,4,1,0,1,0.000252,0.030244,0,0,920,1,0,1,0,0,0,0,0
m..driscoll,,4,1,0,1,0.000252,0.030244,0,0,919,1,0,1,0,0,0,0,0
maria.houten,,4,1,0,1,0.000252,0.030244,0,0,918,1,0,1,0,0,0,0,0
mark.rathbun,,4,1,0,1,0.000252,0.030244,0,0,916,1,0,1,0,0,0,0,0
michael.driscoll,,4,1,0,1,0.000252,0.030244,0,0,914,1,0,1,0,0,0,0,0
mike.purcell,,4,1,0,1,0.000252,0.030244,0,0,913,1,0,1,0,0,0,0,0
monika.causholli,,4,1,0,1,0.000252,0.030244,0,0,912,1,0,1,0,0,0,0,0
paul.choi,,4,1,0,1,0.000252,0.030244,0,0,911,1,0,1,0,0,0,0,0
phillip.platter,,4,1,0,1,0.000252,0.030244,0,0,910,1,0,1,0,0,0,0,0
portland.desk,,4,1,0,1,0.000252,0.030244,0,0,909,1,0,1,0,0,0,0,0
robert.anderson,,4,1,0,1,0.000252,0.030244,0,0,908,1,0,1,0,0,0,0,0
ryan.slinger,,4,1,0,1,0.000252,0.030244,0,0,907,1,0,1,0,0,0,0,0
scotty.gilbert,,4,1,0,1,0.000252,0.030244,0,0,906,1,0,1,0,0,0,0,0
smith.day,,4,1,0,1,0.000252,0.030244,0,0,905,1,0,1,0,0,0,0,0
stacy.runswick,,4,1,0,1,0.000252,0.030244,0,0,904,1,0,1,0,0,0,0,0
stanley.cocke,,4,1,0,1,0.000252,0.030244,0,0,903,1,0,1,0,0,0,0,0
steven.merris,,4,1,0,1,0.000252,0.030244,0,0,902,1,0,1,0,0,0,0,0
virginia.thompson,,4,1,0,1,0.000252,0.030244,0,0,7,1,0,1,0,0,0,0,0
walter.seaton,,4,1,0,1,0.000252,0.030244,0,0,6,1,0,1,0,0,0,0,0
wendella.rhoads,,4,1,0,1,0.000252,0.030244,0,0,5,1,0,1,0,0,0,0,0
wendy.aiello,,4,1,0,1,0.000252,0.030244,0,0,4,1,0,1,0,0,0,0,0
winston.goodbody,,4,1,0,1,0.000252,0.030244,0,0,3,1,0,1,0,0,0,0,0
tom.barkley,,7,1,1,2,0.000268,0.020029,0,0,1151,1,1,2,0,5,0.290884,0.305135,0
tom.delaney,,4,0,6,6,0.000167,0,0,0,1423,0,6,6,0.766667,4,0.329574,0.359759,0
tom.halliburton,,7,1,1,2,0.000268,0.020029,0,0,1151,1,1,2,0,5,0.290884,0.305135,0
tomas.valnek,,5,0,2,2,0.000167,0,0,0,1424,0,2,2,1,5,0.273422,0.293912,0
tonai.lehr,,8,0,1,1,0.000167,0,0,0,1425,0,1,1,0,5,0.25876,0.267173,0
toni.graham,,7,1,2,3,0.000268,0.020029,0,0,1151,1,2,3,0.5,4,0.32832,0.358968,0
tori.wells,,2,0,3,3,0.000167,0,0,0,1426,0,3,3,0.333333,4,0.323865,0.335422,0
tracey.kozadinos,,0,0,1,1,0.000167,0,0,0,1427,0,1,1,0,6,0.234941,0.245373,0
tracy.mclaughlin,,6,0,1,1,0.000167,0,0,0,1428,0,1,1,0,4,0.289724,0.305582,0
tracy.ralston,,2,0,9,9,0.000167,0,0,0,1429,0,9,9,0.486111,4,0.35881,0.378353,0
v.weldon,,7,1,1,2,0.000268,0.020029,0,0,1151,1,1,2,0,5,0.290884,0.305135,0
valarie.sabo,,4,0,1,1,0.000167,0,0,0,1430,0,1,1,0,5,0.279763,0.290651,0
vasant.shanbhogue,,7,1,1,2,0.000268,0.020029,0,0,1151,1,1,2,0,5,0.290884,0.305135,0
veronica.gonzalez,,4,0,2,2,0.000167,0,0,0,1431,0,2,2,1,5,0.290657,0.309526,0
veronica.valdez,,3,0,1,1,0.000167,0,0,0,1432,0,1,1,0,5,0.304029,0.334884,0
viacheslav.danilov,,7,0,1,1,0.000167,0,0,0,1433,0,1,1,0,5,0.290942,0.305229,0
alyse.herasimchuk,,7,1,0,1,0.000268,0.020029,0,0,1050,1,0,1,0,0,0,0,0
anthony.mends,,7,1,0,1,0.000268,0.020029,0,0,1049,1,0,1,0,0,0,0,0
beth.miertschin,,7,1,0,1,0.000268,0.020029,0,0,1048,1,0,1,0,0,0,0,0
cantekin.dincerler,,7,1,0,1,0.000268,0.020029,0,0,1047,1,0,1,0,0,0,0,0
cheryl.kuehl,,7,1,0,1,0.000268,0.020029,0,0,1046,1,0,1,0,0,0,0,0
datren.williams,,7,1,0,1,0.000268,0.020029,0,0,1045,1,0,1,0,0,0,0,0
doug.arnell,,7,1,0,1,0.000268,0.020029,0,0,1044,1,0,1,0,0,0,0,0
elizabeth.grant,,7,1,0,1,0.000268,0.020029,0,0,1043,1,0,1,0,0,0,0,0
eric.gadd,,7,1,0,1,0.000268,0.020029,0,0,1042,1,0,1,0,0,0,0,0
gary.taylor,,7,1,0,1,0.000268,0.020029,0,0,1041,1,0,1,0,0,0,0,0
george.hopley,,7,1,0,1,0.000268,0.020029,0,0,1040,1,0,1,0,0,0,0,0
ginger.gamble,,7,1,0,1,0.000268,0.020029,0,0,1039,1,0,1,0,0,0,0,0
james.hughes,,7,1,0,1,0.000268,0.020029,0,0,1038,1,0,1,0,0,0,0,0
jana.giovannini,,7,1,0,1,0.000268,0.020029,0,0,1037,1,0,1,0,0,0,0,0
joe.gold,,7,1,0,1,0.000268,0.020029,0,0,1036,1,0,1,0,0,0,0,0
joe.hirko,,7,1,0,1,0.000268,0.020029,0,0,1035,1,0,1,0,0,0,0,0
john.bottomley,,7,1,0,1,0.000268,0.020029,0,0,1034,1,0,1,0,0,0,0,0
john.griebling,,7,1,0,1,0.000268,0.020029,0,0,1033,1,0,1,0,0,0,0,0
jose.marquez,,7,1,0,1,0.000268,0.020029,0,0,1032,1,0,1,0,0,0,0,0
julius.zajda,,7,1,0,1,0.000268,0.020029,0,0,1031,1,0,1,0,0,0,0,0
lloyd.fleming,,7,1,0,1,0.000268,0.020029,0,0,1030,1,0,1,0,0,0,0,0
lynn.dunphy,,7,1,0,1,0.000268,0.020029,0,0,1029,1,0,1,0,0,0,0,0
melinda.mccarty,,7,1,0,1,0.000268,0.020029,0,0,1028,1,0,1,0,0,0,0,0
michael.rosen,,7,1,0,1,0.000268,0.020029,0,0,1027,1,0,1,0,0,0,0,0
michael.sergeev,,7,1,0,1,0.000268,0.020029,0,0,1026,1,0,1,0,0,0,0,0
michele.marvin,,7,1,0,1,0.000268,0.020029,0,0,1025,1,0,1,0,0,0,0,0
phil.sisneros,,7,1,0,1,0.000268,0.020029,0,0,1023,1,0,1,0,0,0,0,0
phillip.randle,,7,1,0,1,0.000268,0.020029,0,0,1022,1,0,1,0,0,0,0,0
rabi.de,,7,1,0,1,0.000268,0.020029,0,0,1021,1,0,1,0,0,0,0,0
rachel.quirke,,7,1,0,1,0.000268,0.020029,0,0,1020,1,0,1,0,0,0,0,0
richard.jones,,7,1,0,1,0.000268,0.020029,0,0,1019,1,0,1,0,0,0,0,0
robert.lee,,7,1,0,1,0.000268,0.020029,0,0,1018,1,0,1,0,0,0,0,0
ron.baker,,7,1,0,1,0.000268,0.020029,0,0,1017,1,0,1,0,0,0,0,0
ronnie.chahal,,7,1,0,1,0.000268,0.020029,0,0,1016,1,0,1,0,0,0,0,0
ross.prevatt,,7,1,0,1,0.000268,0.020029,0,0,1015,1,0,1,0,0,0,0,0
steve.bigalow,,7,1,0,1,0.000268,0.020029,0,0,1014,1,0,1,0,0,0,0,0
tani.nath,,7,1,0,1,0.000268,0.020029,0,0,1013,1,0,1,0,0,0,0,0
teresa.bien,,7,1,0,1,0.000268,0.020029,0,0,1012,1,0,1,0,0,0,0,0
william.smith,,7,1,1,2,0.000268,0.020029,0,0,1151,1,1,2,0,5,0.290884,0.305135,0
wsmith2,,7,1,0,1,0.000268,0.020029,0,0,1011,1,0,1,0,0,0,0,0
yannis.tzamouranis,,7,1,1,2,0.000268,0.020029,0,0,1151,1,1,2,0,5,0.290884,0.305135,0
youyi.feng,,7,1,0,1,0.000268,0.020029,0,0,1010,1,0,1,0,0,0,0,0
zimin.lu,,1,1,3,4,0.000268,0.020029,0,0,1151,1,3,4,0.833333,4,0.310945,0.328954,0
vincent.strohmeyer,,0,0,2,2,0.000167,0,0,0,1434,0,2,2,1,5,0.257476,0.269261,0
walsh,,6,0,6,6,0.000167,0,0,0,1435,0,6,6,0.9,4,0.364035,0.385703,0
walt.zimmerman,,0,0,1,1,0.000167,0,0,0,1436,0,1,1,0,5,0.255983,0.265325,0
wayne.gardner,,6,0,1,1,0.000167,0,0,0,1437,0,1,1,0,4,0.289724,0.305582,0
william.nealy,,8,0,1,1,0.000167,0,0,0,1438,0,1,1,0,5,0.25876,0.267173,0
wilson.kriegel,,2,0,1,1,0.000167,0,0,0,1439,0,1,1,0,6,0.229409,0.234281,0
